1.000000 0.000000 0.000000 0.000000 0.000000 1.000000 0.000000 0.000000 0.000000 0.000000 1.000000 0.000000
0.999999 -0.001067 0.000002 0.032638 0.001067 0.999999 -0.000011 0.003205 -0.000002 0.000011 1.000000 -0.000331
0.999998 -0.001836 0.000003 0.152644 0.001836 0.999998 -0.000018 0.004302 -0.000003 0.000018 1.000000 -0.001533
0.999997 -0.002519 0.000004 0.465834 0.002519 0.999997 -0.000025 0.002831 -0.000004 0.000025 1.000000 -0.004663
0.999994 -0.003571 0.000006 0.885099 0.003571 0.999994 -0.000036 0.001644 -0.000006 0.000036 1.000000 -0.008854
0.999992 -0.003904 0.000006 1.532250 0.003904 0.999992 -0.000039 -0.004234 -0.000006 0.000039 1.000000 -0.015316
0.999989 -0.004734 0.000008 2.194317 0.004734 0.999989 -0.000047 -0.008094 -0.000007 0.000047 1.000000 -0.021931
0.999985 -0.005455 0.000009 3.007966 0.005455 0.999985 -0.000055 -0.013339 -0.000009 0.000055 1.000000 -0.030059
0.999985 -0.005509 0.000009 3.767954 0.005509 0.999985 -0.000055 -0.019747 -0.000009 0.000055 1.000000 -0.037649
0.999976 -0.006937 0.000011 4.577948 0.006938 0.999976 -0.000069 -0.021438 -0.000011 0.000069 1.000000 -0.045747
0.999970 -0.007784 0.000013 5.339324 0.007784 0.999970 -0.000078 -0.023870 -0.000012 0.000078 1.000000 -0.053357
0.999966 -0.008289 0.000014 6.090608 0.008289 0.999966 -0.000083 -0.026871 -0.000013 0.000083 1.000000 -0.060865
0.999956 -0.009344 0.000015 6.825728 0.009344 0.999956 -0.000093 -0.027253 -0.000014 0.000094 1.000000 -0.068216
0.999954 -0.009610 0.000016 7.549501 0.009610 0.999954 -0.000096 -0.029727 -0.000015 0.000096 1.000000 -0.075450
0.999946 -0.010396 0.000017 8.269042 0.010396 0.999946 -0.000104 -0.029989 -0.000016 0.000104 1.000000 -0.082645
0.999939 -0.011010 0.000018 8.976083 0.011010 0.999939 -0.000110 -0.030231 -0.000017 0.000110 1.000000 -0.089716
0.999937 -0.011207 0.000018 9.693967 0.011207 0.999937 -0.000112 -0.031564 -0.000017 0.000112 1.000000 -0.096893
0.999930 -0.011841 0.000020 10.389942 0.011841 0.999930 -0.000118 -0.031077 -0.000018 0.000119 1.000000 -0.103853
0.999928 -0.011971 0.000020 11.101691 0.011971 0.999928 -0.000120 -0.032079 -0.000018 0.000120 1.000000 -0.110970
0.999921 -0.012538 0.000021 11.797704 0.012538 0.999921 -0.000125 -0.031295 -0.000019 0.000126 1.000000 -0.117931
0.999918 -0.012805 0.000021 12.513331 0.012805 0.999918 -0.000128 -0.031269 -0.000020 0.000128 1.000000 -0.125088
0.999910 -0.013444 0.000022 13.214515 0.013444 0.999910 -0.000134 -0.029584 -0.000021 0.000135 1.000000 -0.132103
0.999915 -0.013058 0.000022 13.986812 0.013058 0.999915 -0.000130 -0.031258 -0.000020 0.000131 1.000000 -0.139823
0.999927 -0.012073 0.000020 14.637957 0.012073 0.999927 -0.000121 -0.035322 -0.000018 0.000121 1.000000 -0.146328
0.999953 -0.009656 0.000016 15.622757 0.009656 0.999953 -0.000096 -0.046379 -0.000015 0.000097 1.000000 -0.156159
0.999962 -0.008764 0.000014 16.029975 0.008764 0.999962 -0.000088 -0.051352 -0.000014 0.000088 1.000000 -0.160223
0.999977 -0.006816 0.000011 16.757209 0.006816 0.999977 -0.000068 -0.062435 -0.000011 0.000068 1.000000 -0.167478
0.999989 -0.004582 0.000007 17.758205 0.004582 0.999990 -0.000046 -0.078328 -0.000007 0.000046 1.000000 -0.177463
0.999994 -0.003567 0.000006 18.195266 0.003567 0.999994 -0.000036 -0.086100 -0.000006 0.000036 1.000000 -0.181822
0.999998 -0.001798 0.000003 18.892996 0.001798 0.999998 -0.000018 -0.100047 -0.000003 0.000018 1.000000 -0.188777
0.999999 -0.000965 0.000002 19.654535 0.000965 1.000000 -0.000010 -0.112586 -0.000002 0.000010 1.000000 -0.196373
1.000000 -0.000071 0.000000 20.302350 0.000071 1.000000 -0.000001 -0.124399 -0.000000 0.000001 1.000000 -0.202832
1.000000 0.000247 -0.000000 21.013157 -0.000247 1.000000 0.000002 -0.135475 0.000000 -0.000002 1.000000 -0.209923
1.000000 -0.000389 0.000001 21.959488 0.000389 1.000000 -0.000004 -0.146584 -0.000001 0.000004 1.000000 -0.219369
1.000000 -0.000390 0.000001 22.445109 0.000390 1.000000 -0.000004 -0.153249 -0.000001 0.000004 1.000000 -0.224215
0.999999 -0.001258 0.000002 23.143561 0.001258 0.999999 -0.000013 -0.159547 -0.000002 0.000013 1.000000 -0.231189
0.999996 -0.002809 0.000005 24.133484 0.002809 0.999996 -0.000028 -0.166264 -0.000004 0.000028 1.000000 -0.241078
0.999992 -0.003838 0.000006 24.543572 0.003838 0.999993 -0.000038 -0.167192 -0.000006 0.000038 1.000000 -0.245178
0.999985 -0.005516 0.000009 25.259120 0.005516 0.999985 -0.000055 -0.168258 -0.000009 0.000055 1.000000 -0.252332
0.999969 -0.007902 0.000013 26.226313 0.007902 0.999969 -0.000079 -0.167333 -0.000012 0.000079 1.000000 -0.262006
0.999960 -0.008880 0.000015 26.697477 0.008880 0.999961 -0.000089 -0.166651 -0.000014 0.000089 1.000000 -0.266718
0.999941 -0.010848 0.000018 27.339233 0.010848 0.999941 -0.000108 -0.162700 -0.000017 0.000109 1.000000 -0.273143
0.999917 -0.012874 0.000021 28.311032 0.012874 0.999917 -0.000129 -0.157943 -0.000020 0.000129 1.000000 -0.282868
0.999903 -0.013934 0.000023 28.721686 0.013934 0.999903 -0.000139 -0.154673 -0.000021 0.000139 1.000000 -0.286980
0.999888 -0.014939 0.000025 29.415219 0.014938 0.999888 -0.000149 -0.150950 -0.000023 0.000150 1.000000 -0.293922
0.999851 -0.017268 0.000029 30.373499 0.017268 0.999851 -0.000172 -0.141015 -0.000026 0.000173 1.000000 -0.303521
0.999832 -0.018303 0.000031 30.790493 0.018303 0.999832 -0.000183 -0.136019 -0.000027 0.000183 1.000000 -0.307699
0.999824 -0.018746 0.000032 31.466644 0.018746 0.999824 -0.000187 -0.131583 -0.000028 0.000188 1.000000 -0.314468
0.999820 -0.018968 0.000032 32.421035 0.018968 0.999820 -0.000189 -0.126209 -0.000028 0.000190 1.000000 -0.324020
0.999820 -0.018979 0.000032 32.821480 0.018979 0.999820 -0.000190 -0.124246 -0.000028 0.000190 1.000000 -0.328028
0.999818 -0.019077 0.000032 33.501016 0.019077 0.999818 -0.000190 -0.120543 -0.000029 0.000191 1.000000 -0.334830
0.999819 -0.019008 0.000032 34.453361 0.019008 0.999819 -0.000190 -0.116150 -0.000028 0.000190 1.000000 -0.344360
0.999816 -0.019191 0.000032 34.861045 0.019191 0.999816 -0.000192 -0.113473 -0.000029 0.000192 1.000000 -0.348442
0.999823 -0.018809 0.000032 35.512699 0.018809 0.999823 -0.000188 -0.111533 -0.000028 0.000188 1.000000 -0.354962
0.999817 -0.019138 0.000032 36.442295 0.019138 0.999817 -0.000191 -0.105968 -0.000029 0.000192 1.000000 -0.364267
0.999817 -0.019102 0.000032 36.831319 0.019102 0.999817 -0.000191 -0.104237 -0.000029 0.000191 1.000000 -0.368160
0.999811 -0.019423 0.000033 37.479881 0.019423 0.999811 -0.000194 -0.099791 -0.000029 0.000195 1.000000 -0.374653
0.999813 -0.019350 0.000033 38.360404 0.019350 0.999813 -0.000193 -0.095429 -0.000029 0.000194 1.000000 -0.383465
0.999811 -0.019420 0.000033 38.744138 0.019420 0.999811 -0.000194 -0.093134 -0.000029 0.000195 1.000000 -0.387306
0.999802 -0.019899 0.000034 39.366968 0.019899 0.999802 -0.000199 -0.088120 -0.000030 0.000199 1.000000 -0.393543
0.999769 -0.021495 0.000037 40.273733 0.021495 0.999769 -0.000215 -0.076963 -0.000032 0.000215 1.000000 -0.402629
0.999755 -0.022127 0.000038 40.652012 0.022127 0.999755 -0.000221 -0.072003 -0.000033 0.000222 1.000000 -0.406419
0.999736 -0.022973 0.000039 41.283029 0.022973 0.999736 -0.000229 -0.063760 -0.000034 0.000230 1.000000 -0.412743
0.999688 -0.024983 0.000043 42.134553 0.024983 0.999688 -0.000249 -0.048520 -0.000037 0.000250 1.000000 -0.421283
0.999671 -0.025636 0.000044 42.497677 0.025636 0.999671 -0.000256 -0.042261 -0.000038 0.000257 1.000000 -0.424924
0.999647 -0.026556 0.000046 43.073268 0.026556 0.999647 -0.000265 -0.032311 -0.000039 0.000266 1.000000 -0.430696
0.999626 -0.027346 0.000047 43.875819 0.027346 0.999626 -0.000273 -0.019411 -0.000040 0.000274 1.000000 -0.438742
0.999621 -0.027534 0.000048 44.201791 0.027534 0.999621 -0.000275 -0.014562 -0.000040 0.000276 1.000000 -0.442010
0.999614 -0.027794 0.000048 44.752506 0.027794 0.999613 -0.000277 -0.006353 -0.000040 0.000279 1.000000 -0.447530
0.999618 -0.027620 0.000048 45.430375 0.027620 0.999618 -0.000276 0.001919 -0.000040 0.000277 1.000000 -0.454322
0.999621 -0.027533 0.000048 45.738070 0.027533 0.999621 -0.000275 0.005711 -0.000040 0.000276 1.000000 -0.457405
0.999633 -0.027072 0.000047 46.166760 0.027072 0.999633 -0.000270 0.009562 -0.000039 0.000271 1.000000 -0.461699
0.999657 -0.026186 0.000045 46.699128 0.026186 0.999657 -0.000261 0.012963 -0.000038 0.000262 1.000000 -0.467028
0.999670 -0.025679 0.000044 47.043121 0.025679 0.999670 -0.000256 0.015128 -0.000038 0.000257 1.000000 -0.470471
0.999690 -0.024884 0.000043 47.465258 0.024884 0.999690 -0.000248 0.016987 -0.000037 0.000249 1.000000 -0.474696
0.999721 -0.023635 0.000040 47.986550 0.023635 0.999720 -0.000236 0.017600 -0.000035 0.000237 1.000000 -0.479910
0.999729 -0.023270 0.000040 48.220498 0.023270 0.999729 -0.000232 0.018460 -0.000034 0.000233 1.000000 -0.482251
0.999738 -0.022906 0.000039 48.550739 0.022906 0.999737 -0.000229 0.020093 -0.000034 0.000229 1.000000 -0.485556
0.999777 -0.021127 0.000036 49.061617 0.021127 0.999777 -0.000211 0.018461 -0.000031 0.000212 1.000000 -0.490662
0.999785 -0.020744 0.000035 49.280647 0.020744 0.999785 -0.000207 0.018948 -0.000031 0.000208 1.000000 -0.492854
0.999805 -0.019748 0.000033 49.662363 0.019748 0.999805 -0.000197 0.018218 -0.000030 0.000198 1.000000 -0.496670
0.999841 -0.017837 0.000030 50.206115 0.017837 0.999841 -0.000178 0.014947 -0.000027 0.000179 1.000000 -0.502102
0.999857 -0.016940 0.000028 50.440990 0.016940 0.999856 -0.000169 0.012862 -0.000026 0.000170 1.000000 -0.504448
0.999877 -0.015706 0.000026 50.821831 0.015706 0.999876 -0.000157 0.010005 -0.000024 0.000157 1.000000 -0.508252
0.999903 -0.013933 0.000023 51.355702 0.013933 0.999903 -0.000139 0.004822 -0.000021 0.000139 1.000000 -0.513582
0.999909 -0.013457 0.000022 51.580827 0.013457 0.999909 -0.000134 0.003357 -0.000021 0.000135 1.000000 -0.515831
0.999918 -0.012823 0.000021 51.968671 0.012823 0.999918 -0.000128 0.001069 -0.000020 0.000128 1.000000 -0.519706
0.999944 -0.010543 0.000017 52.497850 0.010543 0.999944 -0.000105 -0.007517 -0.000016 0.000106 1.000000 -0.524985
0.999957 -0.009275 0.000015 52.725008 0.009275 0.999957 -0.000093 -0.012632 -0.000014 0.000093 1.000000 -0.527248
0.999969 -0.007852 0.000013 53.101255 0.007852 0.999969 -0.000078 -0.019134 -0.000012 0.000079 1.000000 -0.531000
0.999987 -0.005148 0.000008 53.630387 0.005148 0.999986 -0.000051 -0.032013 -0.000008 0.000051 1.000000 -0.536271
0.999991 -0.004303 0.000007 53.849394 0.004303 0.999990 -0.000043 -0.036811 -0.000007 0.000043 1.000000 -0.538454
0.999998 -0.002022 0.000003 54.226704 0.002022 0.999998 -0.000020 -0.048520 -0.000003 0.000020 1.000000 -0.542208
1.000000 0.000243 -0.000000 54.732283 -0.000243 1.000000 0.000002 -0.062478 0.000000 -0.000002 1.000000 -0.547242
0.999999 0.001627 -0.000003 54.956540 -0.001627 0.999998 0.000016 -0.070461 0.000003 -0.000016 1.000000 -0.549472
0.999991 0.004268 -0.000007 55.326146 -0.004268 0.999991 0.000043 -0.085441 0.000007 -0.000043 1.000000 -0.553144
0.999971 0.007546 -0.000012 55.840796 -0.007546 0.999971 0.000076 -0.106607 0.000012 -0.000075 1.000000 -0.558257
0.999952 0.009836 -0.000015 56.051682 -0.009836 0.999951 0.000098 -0.119060 0.000016 -0.000098 1.000000 -0.560346
0.999898 0.014272 -0.000022 56.412369 -0.014272 0.999898 0.000143 -0.143392 0.000024 -0.000143 1.000000 -0.563915
0.999801 0.019927 -0.000030 56.913270 -0.019927 0.999801 0.000200 -0.177672 0.000034 -0.000199 1.000000 -0.568869
0.999744 0.022620 -0.000033 57.153346 -0.022620 0.999744 0.000227 -0.195192 0.000039 -0.000226 1.000000 -0.571242
0.999608 0.027987 -0.000041 57.482899 -0.027987 0.999608 0.000281 -0.226071 0.000048 -0.000279 1.000000 -0.574489
0.999256 0.038563 -0.000054 57.994053 -0.038563 0.999256 0.000387 -0.285741 0.000069 -0.000384 1.000000 -0.579505
0.999080 0.042873 -0.000059 58.177127 -0.042873 0.999080 0.000430 -0.310133 0.000077 -0.000427 1.000000 -0.581297
0.998644 0.052054 -0.000069 58.548411 -0.052054 0.998644 0.000523 -0.363924 0.000096 -0.000518 1.000000 -0.584925
0.997781 0.066581 -0.000084 59.011789 -0.066581 0.997781 0.000669 -0.446386 0.000128 -0.000662 1.000000 -0.589427
0.997212 0.074621 -0.000091 59.243507 -0.074621 0.997211 0.000751 -0.493241 0.000147 -0.000742 1.000000 -0.591670
0.996115 0.088058 -0.000101 59.558239 -0.088058 0.996115 0.000887 -0.568393 0.000179 -0.000874 1.000000 -0.594698
0.993746 0.111664 -0.000115 60.050600 -0.111664 0.993745 0.001127 -0.704609 0.000240 -0.001107 0.999999 -0.599404
0.992428 0.122828 -0.000120 60.221042 -0.122828 0.992427 0.001240 -0.764918 0.000271 -0.001216 0.999999 -0.601013
0.989394 0.145258 -0.000125 60.566605 -0.145258 0.989393 0.001470 -0.893319 0.000337 -0.001436 0.999999 -0.604264
0.983554 0.180614 -0.000123 60.974177 -0.180613 0.983552 0.001832 -1.088350 0.000452 -0.001780 0.999998 -0.608029
0.980083 0.198590 -0.000117 61.179940 -0.198589 0.980081 0.002018 -1.194061 0.000515 -0.001954 0.999998 -0.609919
0.973750 0.227621 -0.000100 61.454738 -0.227620 0.973747 0.002318 -1.359998 0.000625 -0.002234 0.999997 -0.612402
0.963120 0.269071 -0.000060 61.880172 -0.269070 0.963117 0.002750 -1.624837 0.000797 -0.002632 0.999996 -0.616235
0.959350 0.282217 -0.000043 62.034354 -0.282216 0.959347 0.002887 -1.718481 0.000856 -0.002758 0.999996 -0.617628
0.951591 0.307367 -0.000005 62.339790 -0.307365 0.951586 0.003151 -1.908734 0.000974 -0.002997 0.999995 -0.620379
0.941302 0.337564 0.000049 62.675892 -0.337562 0.941297 0.003469 -2.137812 0.001125 -0.003282 0.999994 -0.623376
0.935886 0.352303 0.000080 62.839889 -0.352301 0.935880 0.003625 -2.256598 0.001202 -0.003421 0.999993 -0.624826
0.927907 0.372810 0.000127 63.021694 -0.372808 0.927901 0.003843 -2.408620 0.001315 -0.003613 0.999993 -0.626402
0.914754 0.404011 0.000209 63.304268 -0.404009 0.914746 0.004176 -2.656157 0.001496 -0.003904 0.999991 -0.628834
0.909817 0.415010 0.000241 63.389577 -0.415007 0.909808 0.004294 -2.738999 0.001563 -0.004007 0.999991 -0.629555
0.899970 0.435952 0.000306 63.574559 -0.435949 0.899960 0.004519 -2.914964 0.001695 -0.004200 0.999990 -0.631125
0.887311 0.461172 0.000392 63.766453 -0.461168 0.887300 0.004791 -3.118886 0.001861 -0.004432 0.999988 -0.632719
0.881114 0.472903 0.000436 63.865808 -0.472900 0.881103 0.004919 -3.223562 0.001942 -0.004540 0.999988 -0.633546
0.871955 0.489585 0.000501 63.974983 -0.489581 0.871943 0.005100 -3.356616 0.002060 -0.004692 0.999987 -0.634426
0.857339 0.514751 0.000607 64.141520 -0.514746 0.857326 0.005375 -3.568273 0.002246 -0.004920 0.999985 -0.635754
0.851755 0.523940 0.000648 64.192000 -0.523935 0.851741 0.005476 -3.640272 0.002317 -0.005003 0.999985 -0.636144
0.840599 0.541658 0.000731 64.290927 -0.541653 0.840583 0.005671 -3.787451 0.002457 -0.005163 0.999984 -0.636899
0.826830 0.562451 0.000836 64.385609 -0.562445 0.826814 0.005900 -3.953399 0.002628 -0.005349 0.999982 -0.637582
0.820150 0.572147 0.000887 64.435769 -0.572142 0.820133 0.006008 -4.038932 0.002710 -0.005435 0.999982 -0.637947
0.810734 0.585414 0.000960 64.503068 -0.585408 0.810716 0.006156 -4.160397 0.002825 -0.005553 0.999981 -0.638427
0.798994 0.601338 0.001052 64.593567 -0.601332 0.798974 0.006334 -4.318459 0.002968 -0.005693 0.999979 -0.639080
0.791230 0.611517 0.001114 64.654863 -0.611510 0.791210 0.006448 -4.424627 0.003062 -0.005783 0.999979 -0.639524
0.780832 0.624740 0.001197 64.727093 -0.624733 0.780811 0.006597 -4.559822 0.003187 -0.005899 0.999978 -0.640031
0.767950 0.640508 0.001300 64.821651 -0.640501 0.767928 0.006775 -4.735058 0.003341 -0.006036 0.999976 -0.640697
0.761572 0.648078 0.001352 64.860292 -0.648071 0.761549 0.006861 -4.814665 0.003417 -0.006101 0.999976 -0.640957
0.752525 0.658562 0.001426 64.918849 -0.658554 0.752501 0.006980 -4.931995 0.003524 -0.006192 0.999975 -0.641356
0.739622 0.673021 0.001532 64.993049 -0.673013 0.739596 0.007145 -5.085539 0.003676 -0.006316 0.999973 -0.641853
0.735410 0.677620 0.001567 65.014910 -0.677612 0.735385 0.007198 -5.130505 0.003725 -0.006355 0.999973 -0.642000
0.727083 0.686547 0.001636 65.046233 -0.686539 0.727057 0.007300 -5.213903 0.003823 -0.006431 0.999972 -0.642181
0.719669 0.694315 0.001698 65.072058 -0.694307 0.719641 0.007390 -5.283540 0.003909 -0.006497 0.999971 -0.642328
0.716110 0.697985 0.001727 65.084292 -0.697976 0.716083 0.007432 -5.319414 0.003951 -0.006528 0.999971 -0.642393
0.712028 0.702149 0.001762 65.093356 -0.702140 0.712000 0.007480 -5.357257 0.003998 -0.006563 0.999970 -0.642424
0.707742 0.706469 0.001798 65.109915 -0.706459 0.707714 0.007530 -5.409436 0.004048 -0.006599 0.999970 -0.642506
0.704961 0.709244 0.001821 65.122686 -0.709234 0.704932 0.007563 -5.447622 0.004080 -0.006623 0.999970 -0.642573
0.701363 0.712802 0.001851 65.141233 -0.712792 0.701334 0.007604 -5.499068 0.004122 -0.006653 0.999969 -0.642677
0.696712 0.717348 0.001890 65.174113 -0.717339 0.696682 0.007657 -5.581869 0.004175 -0.006691 0.999969 -0.642873
0.694203 0.719777 0.001912 65.187157 -0.719767 0.694173 0.007685 -5.617112 0.004204 -0.006711 0.999969 -0.642948
0.690750 0.723091 0.001941 65.218349 -0.723081 0.690720 0.007724 -5.685905 0.004244 -0.006739 0.999968 -0.643150
0.685011 0.728530 0.001990 65.257530 -0.728520 0.684980 0.007787 -5.775646 0.004310 -0.006784 0.999968 -0.643399
0.683103 0.730319 0.002006 65.277180 -0.730309 0.683073 0.007808 -5.812117 0.004332 -0.006799 0.999967 -0.643537
0.679358 0.733804 0.002038 65.298622 -0.733793 0.679327 0.007849 -5.861322 0.004375 -0.006828 0.999967 -0.643674
0.675632 0.737235 0.002070 65.318637 -0.737225 0.675601 0.007889 -5.906843 0.004418 -0.006856 0.999967 -0.643801
0.673980 0.738747 0.002084 65.323980 -0.738736 0.673948 0.007907 -5.923645 0.004437 -0.006868 0.999967 -0.643828
0.672690 0.739922 0.002095 65.330114 -0.739911 0.672658 0.007921 -5.936017 0.004452 -0.006878 0.999966 -0.643869
0.671291 0.741191 0.002107 65.326917 -0.741181 0.671259 0.007936 -5.935243 0.004468 -0.006889 0.999966 -0.643839
0.672113 0.740445 0.002100 65.326146 -0.740435 0.672081 0.007927 -5.929573 0.004458 -0.006882 0.999966 -0.643840
0.672135 0.740425 0.002100 65.324799 -0.740415 0.672103 0.007927 -5.934069 0.004458 -0.006882 0.999966 -0.643819
0.672204 0.740363 0.002099 65.330462 -0.740353 0.672172 0.007926 -5.947915 0.004457 -0.006882 0.999966 -0.643854
0.672310 0.740267 0.002098 65.332950 -0.740257 0.672278 0.007925 -5.951314 0.004456 -0.006881 0.999966 -0.643873
0.672088 0.740468 0.002100 65.340532 -0.740458 0.672056 0.007927 -5.966985 0.004459 -0.006883 0.999966 -0.643924
0.672166 0.740397 0.002099 65.345034 -0.740387 0.672134 0.007926 -5.974715 0.004458 -0.006882 0.999966 -0.643957
0.672267 0.740305 0.002098 65.354754 -0.740295 0.672235 0.007925 -5.988032 0.004456 -0.006881 0.999966 -0.644033
0.672079 0.740476 0.002100 65.357477 -0.740466 0.672047 0.007927 -5.995838 0.004459 -0.006883 0.999966 -0.644048
0.672056 0.740497 0.002100 65.366906 -0.740487 0.672024 0.007927 -6.010828 0.004459 -0.006883 0.999966 -0.644118
0.672029 0.740521 0.002100 65.368331 -0.740511 0.671997 0.007928 -6.013568 0.004459 -0.006883 0.999966 -0.644128
0.672052 0.740501 0.002100 65.374740 -0.740490 0.672020 0.007928 -6.023289 0.004459 -0.006883 0.999966 -0.644177
0.671947 0.740596 0.002101 65.379292 -0.740586 0.671915 0.007929 -6.031283 0.004460 -0.006884 0.999966 -0.644210
0.671928 0.740614 0.002101 65.382936 -0.740603 0.671896 0.007929 -6.036844 0.004460 -0.006884 0.999966 -0.644237
0.671904 0.740635 0.002101 65.385484 -0.740625 0.671872 0.007929 -6.041037 0.004461 -0.006884 0.999966 -0.644256
0.671861 0.740674 0.002102 65.391375 -0.740664 0.671829 0.007930 -6.049916 0.004461 -0.006884 0.999966 -0.644301
0.671830 0.740702 0.002102 65.392169 -0.740692 0.671798 0.007930 -6.051485 0.004461 -0.006885 0.999966 -0.644306
0.671791 0.740738 0.002102 65.395976 -0.740727 0.671759 0.007930 -6.057139 0.004462 -0.006885 0.999966 -0.644335
0.671764 0.740762 0.002103 65.398953 -0.740752 0.671732 0.007931 -6.061635 0.004462 -0.006885 0.999966 -0.644358
0.671734 0.740790 0.002103 65.401144 -0.740779 0.671702 0.007931 -6.064868 0.004463 -0.006885 0.999966 -0.644375
0.671807 0.740723 0.002102 65.403068 -0.740713 0.671775 0.007930 -6.067011 0.004462 -0.006885 0.999966 -0.644390
0.671755 0.740771 0.002103 65.406650 -0.740760 0.671723 0.007931 -6.072214 0.004462 -0.006885 0.999966 -0.644418
0.671743 0.740781 0.002103 65.407222 -0.740771 0.671711 0.007931 -6.073120 0.004462 -0.006885 0.999966 -0.644422
0.671711 0.740810 0.002103 65.409630 -0.740799 0.671679 0.007931 -6.076517 0.004463 -0.006885 0.999966 -0.644441
0.671711 0.740810 0.002103 65.411537 -0.740800 0.671679 0.007931 -6.079065 0.004463 -0.006885 0.999966 -0.644456
0.671660 0.740856 0.002104 65.412840 -0.740846 0.671628 0.007932 -6.081099 0.004463 -0.006886 0.999966 -0.644466
0.671629 0.740885 0.002104 65.413782 -0.740874 0.671597 0.007932 -6.082597 0.004464 -0.006886 0.999966 -0.644473
0.671626 0.740888 0.002104 65.415424 -0.740877 0.671593 0.007932 -6.084723 0.004464 -0.006886 0.999966 -0.644486
0.671586 0.740923 0.002104 65.416318 -0.740913 0.671554 0.007932 -6.086142 0.004464 -0.006886 0.999966 -0.644492
0.671511 0.740991 0.002105 65.417582 -0.740981 0.671479 0.007933 -6.088266 0.004465 -0.006887 0.999966 -0.644502
0.671537 0.740967 0.002105 65.418865 -0.740957 0.671505 0.007933 -6.089676 0.004465 -0.006887 0.999966 -0.644512
0.671528 0.740976 0.002105 65.419782 -0.740966 0.671496 0.007933 -6.090841 0.004465 -0.006887 0.999966 -0.644520
0.671443 0.741053 0.002105 65.420213 -0.741042 0.671411 0.007934 -6.091986 0.004466 -0.006887 0.999966 -0.644522
0.671423 0.741071 0.002106 65.421783 -0.741061 0.671391 0.007934 -6.093991 0.004466 -0.006888 0.999966 -0.644535
0.671400 0.741092 0.002106 65.421988 -0.741082 0.671368 0.007934 -6.094412 0.004466 -0.006888 0.999966 -0.644536
0.671355 0.741133 0.002106 65.422892 -0.741123 0.671323 0.007935 -6.095813 0.004467 -0.006888 0.999966 -0.644543
0.671300 0.741182 0.002107 65.423340 -0.741172 0.671268 0.007936 -6.096812 0.004468 -0.006889 0.999966 -0.644546
0.670988 0.741465 0.002109 65.421753 -0.741455 0.670956 0.007939 -6.097349 0.004471 -0.006891 0.999966 -0.644529
0.670489 0.741916 0.002114 65.418208 -0.741906 0.670457 0.007944 -6.096930 0.004477 -0.006895 0.999966 -0.644494
0.669757 0.742577 0.002120 65.413327 -0.742567 0.669725 0.007952 -6.096586 0.004485 -0.006900 0.999966 -0.644446
0.668989 0.743269 0.002126 65.409097 -0.743259 0.668957 0.007960 -6.097174 0.004494 -0.006906 0.999966 -0.644403
0.668248 0.743935 0.002133 65.404719 -0.743925 0.668216 0.007968 -6.097365 0.004502 -0.006911 0.999966 -0.644359
0.666870 0.745171 0.002145 65.396962 -0.745160 0.666838 0.007982 -6.098098 0.004518 -0.006921 0.999966 -0.644280
0.665658 0.746254 0.002155 65.390860 -0.746243 0.665625 0.007995 -6.099624 0.004532 -0.006930 0.999966 -0.644216
0.663652 0.748038 0.002172 65.379346 -0.748028 0.663619 0.008016 -6.100531 0.004555 -0.006945 0.999965 -0.644100
0.660432 0.750882 0.002200 65.399399 -0.750872 0.660399 0.008050 -6.146737 0.004592 -0.006968 0.999965 -0.644227
0.657235 0.753682 0.002227 65.422372 -0.753672 0.657201 0.008083 -6.196176 0.004628 -0.006991 0.999965 -0.644378
0.654339 0.756198 0.002252 65.454443 -0.756187 0.654305 0.008113 -6.254237 0.004661 -0.007012 0.999965 -0.644606
0.649983 0.759945 0.002290 65.477309 -0.759934 0.649949 0.008157 -6.311893 0.004711 -0.007042 0.999964 -0.644743
0.646508 0.762903 0.002320 65.496110 -0.762892 0.646474 0.008192 -6.358665 0.004750 -0.007066 0.999964 -0.644856
0.642552 0.766238 0.002354 65.513762 -0.766227 0.642518 0.008232 -6.407604 0.004795 -0.007093 0.999963 -0.644955
0.636917 0.770929 0.002403 65.532415 -0.770917 0.636882 0.008288 -6.470136 0.004859 -0.007131 0.999963 -0.645042
0.633532 0.773713 0.002433 65.542759 -0.773701 0.633496 0.008321 -6.507003 0.004897 -0.007154 0.999962 -0.645087
0.627269 0.778799 0.002487 65.558024 -0.778787 0.627232 0.008382 -6.570568 0.004968 -0.007195 0.999962 -0.645138
0.620676 0.784063 0.002545 65.575745 -0.784051 0.620639 0.008445 -6.640194 0.005042 -0.007237 0.999961 -0.645204
0.617886 0.786263 0.002569 65.583116 -0.786251 0.617849 0.008471 -6.669488 0.005074 -0.007254 0.999961 -0.645231
0.611540 0.791209 0.002625 65.599084 -0.791197 0.611502 0.008531 -6.735936 0.005145 -0.007294 0.999960 -0.645285
0.603432 0.797410 0.002696 65.617313 -0.797398 0.603393 0.008606 -6.818871 0.005236 -0.007343 0.999959 -0.645335
0.598924 0.800801 0.002736 65.628655 -0.800789 0.598885 0.008647 -6.867185 0.005286 -0.007369 0.999959 -0.645372
0.592581 0.805506 0.002791 65.644587 -0.805493 0.592541 0.008704 -6.935686 0.005357 -0.007406 0.999958 -0.645422
0.580873 0.813989 0.002895 65.677561 -0.813976 0.580832 0.008808 -7.068439 0.005488 -0.007473 0.999957 -0.645541
0.576355 0.817194 0.002935 65.692244 -0.817181 0.576313 0.008847 -7.122894 0.005538 -0.007497 0.999957 -0.645601
0.566103 0.824329 0.003026 65.719518 -0.824315 0.566061 0.008935 -7.239184 0.005652 -0.007552 0.999956 -0.645688
0.552414 0.833564 0.003148 65.757718 -0.833550 0.552370 0.009049 -7.399510 0.005804 -0.007623 0.999954 -0.645815
0.544535 0.838732 0.003219 65.775352 -0.838718 0.544490 0.009113 -7.486841 0.005891 -0.007662 0.999953 -0.645852
0.533568 0.845751 0.003317 65.801825 -0.845736 0.533522 0.009201 -7.612716 0.006011 -0.007715 0.999952 -0.645916
0.513549 0.858053 0.003498 65.838863 -0.858037 0.513502 0.009356 -7.830676 0.006231 -0.007806 0.999950 -0.645940
0.506461 0.862255 0.003562 65.853352 -0.862240 0.506413 0.009409 -7.911402 0.006309 -0.007837 0.999949 -0.645956
0.490245 0.871577 0.003710 65.878708 -0.871560 0.490196 0.009528 -8.087696 0.006486 -0.007904 0.999948 -0.645929
0.469840 0.882743 0.003896 65.913484 -0.882726 0.469789 0.009672 -8.321150 0.006708 -0.007983 0.999946 -0.645905
0.460476 0.887663 0.003982 65.928812 -0.887646 0.460424 0.009736 -8.430583 0.006809 -0.008018 0.999945 -0.645884
0.444486 0.895776 0.004129 65.955134 -0.895759 0.444431 0.009843 -8.621722 0.006982 -0.008073 0.999943 -0.645842
0.421126 0.906992 0.004344 65.989798 -0.906973 0.421069 0.009992 -8.905216 0.007233 -0.008148 0.999941 -0.645738
0.411225 0.911523 0.004436 66.004848 -0.911504 0.411168 0.010053 -9.030195 0.007340 -0.008178 0.999940 -0.645689
0.391305 0.920249 0.004622 66.035377 -0.920230 0.391246 0.010172 -9.291340 0.007553 -0.008233 0.999938 -0.645578
0.371250 0.928520 0.004809 66.065264 -0.928500 0.371189 0.010287 -9.565376 0.007766 -0.008284 0.999935 -0.645441
0.360918 0.932584 0.004906 66.080944 -0.932564 0.360856 0.010344 -9.712999 0.007876 -0.008308 0.999934 -0.645363
0.344578 0.938744 0.005059 66.101447 -0.938723 0.344515 0.010432 -9.942413 0.008050 -0.008344 0.999933 -0.645202
0.321389 0.946932 0.005278 66.133555 -0.946911 0.321323 0.010550 -10.297346 0.008294 -0.008389 0.999930 -0.644958
0.312012 0.950063 0.005367 66.146478 -0.950041 0.311945 0.010597 -10.449360 0.008393 -0.008405 0.999929 -0.644845
0.296607 0.954983 0.005513 66.170998 -0.954961 0.296539 0.010670 -10.718706 0.008555 -0.008430 0.999928 -0.644661
0.276418 0.961020 0.005705 66.206088 -0.960997 0.276348 0.010763 -11.103004 0.008767 -0.008458 0.999926 -0.644400
0.268239 0.963335 0.005784 66.222932 -0.963312 0.268167 0.010799 -11.277045 0.008852 -0.008468 0.999925 -0.644292
0.255740 0.966727 0.005903 66.253034 -0.966704 0.255667 0.010853 -11.571007 0.008982 -0.008482 0.999924 -0.644124
0.239144 0.970965 0.006062 66.294668 -0.970941 0.239070 0.010922 -11.991725 0.009155 -0.008498 0.999922 -0.643871
0.232210 0.972646 0.006129 66.311606 -0.972622 0.232136 0.010949 -12.176559 0.009227 -0.008504 0.999921 -0.643746
0.221162 0.975217 0.006235 66.341768 -0.975192 0.221086 0.010993 -12.496551 0.009342 -0.008512 0.999920 -0.643538
0.204754 0.978792 0.006394 66.378073 -0.978767 0.204676 0.011055 -12.961076 0.009512 -0.008522 0.999918 -0.643161
0.197230 0.980336 0.006467 66.390472 -0.980310 0.197152 0.011082 -13.166190 0.009589 -0.008525 0.999918 -0.642958
0.184253 0.982856 0.006592 66.407506 -0.982831 0.184174 0.011128 -13.510196 0.009723 -0.008530 0.999916 -0.642581
0.168531 0.985673 0.006745 66.436401 -0.985647 0.168450 0.011181 -14.014000 0.009885 -0.008533 0.999915 -0.642067
0.162315 0.986715 0.006806 66.448941 -0.986689 0.162233 0.011202 -14.233436 0.009949 -0.008533 0.999914 -0.641843
0.152659 0.988255 0.006900 66.471063 -0.988228 0.152576 0.011232 -14.613303 0.010048 -0.008533 0.999913 -0.641459
0.141098 0.989971 0.007013 66.500712 -0.989943 0.141014 0.011268 -15.123771 0.010166 -0.008532 0.999912 -0.640943
0.135919 0.990694 0.007063 66.513084 -0.990667 0.135835 0.011283 -15.361732 0.010219 -0.008531 0.999911 -0.640688
0.127544 0.991807 0.007145 66.531417 -0.991779 0.127459 0.011308 -15.752263 0.010304 -0.008529 0.999910 -0.640249
0.115354 0.993297 0.007265 66.551977 -0.993270 0.115268 0.011342 -16.319486 0.010429 -0.008524 0.999909 -0.639551
0.109856 0.993920 0.007319 66.558750 -0.993892 0.109769 0.011357 -16.560888 0.010485 -0.008522 0.999909 -0.639234
0.100559 0.994903 0.007410 66.566814 -0.994875 0.100471 0.011382 -16.987871 0.010579 -0.008517 0.999908 -0.638635
0.087765 0.996112 0.007536 66.571936 -0.996084 0.087676 0.011414 -17.591530 0.010709 -0.008508 0.999906 -0.637725
0.082307 0.996578 0.007590 66.572720 -0.996549 0.082218 0.011428 -17.853993 0.010764 -0.008504 0.999906 -0.637315
0.077322 0.996977 0.007639 66.584077 -0.996947 0.077232 0.011439 -18.266562 0.010815 -0.008500 0.999905 -0.636771
0.070207 0.997502 0.007710 66.598607 -0.997473 0.070117 0.011456 -18.898543 0.010887 -0.008494 0.999905 -0.635910
0.066904 0.997729 0.007742 66.602686 -0.997700 0.066813 0.011464 -19.154180 0.010920 -0.008491 0.999904 -0.635544
0.062645 0.998005 0.007784 66.612927 -0.997976 0.062553 0.011473 -19.630180 0.010963 -0.008487 0.999904 -0.634888
0.059581 0.998193 0.007815 66.616390 -0.998163 0.059489 0.011480 -19.917571 0.010994 -0.008484 0.999904 -0.634465
0.054852 0.998463 0.007862 66.630731 -0.998433 0.054760 0.011490 -20.616902 0.011042 -0.008480 0.999903 -0.633494
0.055374 0.998434 0.007856 66.660070 -0.998405 0.055282 0.011489 -21.250567 0.011037 -0.008480 0.999903 -0.632779
0.056942 0.998346 0.007841 66.687870 -0.998317 0.056850 0.011486 -21.763497 0.011021 -0.008482 0.999903 -0.632240
0.058129 0.998278 0.007829 66.713180 -0.998248 0.058037 0.011483 -22.239019 0.011009 -0.008483 0.999903 -0.631736
0.059831 0.998178 0.007812 66.743455 -0.998148 0.059739 0.011479 -22.774134 0.010992 -0.008485 0.999904 -0.631186
