1.000000 0.000000 0.000000 0.000000 0.000000 1.000000 0.000000 0.000000 0.000000 0.000000 1.000000 0.000000
0.999785 -0.020728 0.000035 0.010755 0.020728 0.999785 -0.000207 0.070729 -0.000031 0.000208 1.000000 -0.000220
0.998772 -0.049548 0.000091 0.095534 0.049548 0.998772 -0.000494 0.170344 -0.000067 0.000497 1.000000 -0.001227
0.998144 -0.060891 0.000116 0.139280 0.060891 0.998144 -0.000606 0.210486 -0.000078 0.000612 1.000000 -0.001728
0.996511 -0.083468 0.000168 0.286393 0.083468 0.996510 -0.000829 0.294277 -0.000098 0.000840 1.000000 -0.003333
0.993812 -0.111078 0.000239 0.495098 0.111078 0.993811 -0.001101 0.403519 -0.000115 0.001121 0.999999 -0.005594
0.992016 -0.126116 0.000281 0.630572 0.126116 0.992015 -0.001248 0.467185 -0.000121 0.001274 0.999999 -0.007050
0.989216 -0.146467 0.000341 0.795268 0.146467 0.989214 -0.001448 0.555486 -0.000125 0.001482 0.999999 -0.008838
0.983164 -0.182724 0.000459 1.072667 0.182724 0.983163 -0.001800 0.719947 -0.000123 0.001854 0.999998 -0.011874
0.980411 -0.196960 0.000510 1.155080 0.196961 0.980409 -0.001938 0.783981 -0.000118 0.002001 0.999998 -0.012800
0.973818 -0.227328 0.000624 1.333681 0.227329 0.973815 -0.002232 0.926096 -0.000100 0.002315 0.999997 -0.014812
0.963693 -0.267011 0.000788 1.529580 0.267012 0.963690 -0.002612 1.114875 -0.000062 0.002728 0.999996 -0.017072
0.957583 -0.288155 0.000883 1.634876 0.288156 0.957579 -0.002814 1.220136 -0.000035 0.002949 0.999996 -0.018293
0.948841 -0.315753 0.001014 1.768397 0.315755 0.948836 -0.003076 1.361700 0.000009 0.003239 0.999995 -0.019853
0.932638 -0.360812 0.001248 1.999091 0.360814 0.932631 -0.003501 1.608733 0.000099 0.003716 0.999993 -0.022554
0.926588 -0.376076 0.001333 2.074682 0.376079 0.926581 -0.003644 1.695703 0.000135 0.003878 0.999992 -0.023448
0.913024 -0.407903 0.001519 2.245452 0.407906 0.913015 -0.003941 1.888397 0.000220 0.004218 0.999991 -0.025463
0.895348 -0.445365 0.001756 2.446010 0.445368 0.895337 -0.004287 2.128908 0.000337 0.004620 0.999989 -0.027852
0.885465 -0.464702 0.001885 2.559317 0.464705 0.885454 -0.004465 2.262813 0.000405 0.004830 0.999988 -0.029198
0.871682 -0.490067 0.002064 2.698763 0.490071 0.871670 -0.004696 2.442532 0.000503 0.005105 0.999987 -0.030879
0.847577 -0.530668 0.002369 2.932818 0.530673 0.847562 -0.005064 2.753259 0.000679 0.005550 0.999984 -0.033714
0.838975 -0.544164 0.002477 3.008101 0.544169 0.838959 -0.005185 2.861262 0.000744 0.005698 0.999983 -0.034639
0.820209 -0.572058 0.002709 3.185709 0.572064 0.820191 -0.005434 3.105459 0.000887 0.006007 0.999982 -0.036804
0.797521 -0.603284 0.002986 3.385881 0.603290 0.797501 -0.005711 3.400158 0.001064 0.006356 0.999979 -0.039275
0.785545 -0.618797 0.003130 3.495004 0.618804 0.785523 -0.005847 3.560747 0.001159 0.006530 0.999978 -0.040622
0.769352 -0.638817 0.003324 3.624540 0.638824 0.769329 -0.006021 3.769699 0.001289 0.006756 0.999976 -0.042250
0.744926 -0.667137 0.003613 3.832760 0.667145 0.744901 -0.006265 4.106432 0.001488 0.007078 0.999974 -0.044869
0.736267 -0.676681 0.003715 3.897782 0.676690 0.736241 -0.006347 4.221258 0.001560 0.007187 0.999973 -0.045702
0.719088 -0.694908 0.003916 4.044386 0.694917 0.719061 -0.006502 4.469464 0.001702 0.007397 0.999971 -0.047564
0.700798 -0.713348 0.004128 4.214518 0.713358 0.700768 -0.006657 4.755005 0.001856 0.007610 0.999969 -0.049720
0.692242 -0.721654 0.004227 4.306174 0.721663 0.692211 -0.006727 4.904393 0.001928 0.007707 0.999968 -0.050874
0.682554 -0.730822 0.004339 4.424560 0.730832 0.682523 -0.006803 5.089637 0.002011 0.007814 0.999967 -0.052353
0.670009 -0.742340 0.004482 4.629548 0.742350 0.669976 -0.006898 5.391820 0.002118 0.007949 0.999966 -0.054884
0.664932 -0.746890 0.004540 4.696532 0.746900 0.664900 -0.006936 5.497471 0.002161 0.008003 0.999966 -0.055723
0.660616 -0.750710 0.004590 4.866353 0.750720 0.660583 -0.006967 5.711717 0.002198 0.008048 0.999965 -0.057762
0.651343 -0.758769 0.004695 5.051060 0.758780 0.651309 -0.007033 5.979509 0.002278 0.008143 0.999964 -0.060036
0.647155 -0.762344 0.004743 5.172442 0.762355 0.647121 -0.007062 6.146764 0.002314 0.008186 0.999964 -0.061516
0.639367 -0.768887 0.004831 5.333580 0.768898 0.639331 -0.007115 6.387573 0.002382 0.008264 0.999963 -0.063511
0.634229 -0.773130 0.004889 5.535715 0.773141 0.634194 -0.007149 6.664115 0.002426 0.008314 0.999963 -0.065973
0.632137 -0.774841 0.004913 5.702397 0.774853 0.632101 -0.007163 6.881779 0.002445 0.008335 0.999962 -0.067986
0.629428 -0.777043 0.004943 5.914294 0.777055 0.629392 -0.007181 7.155761 0.002468 0.008361 0.999962 -0.070542
0.626337 -0.779536 0.004978 6.060925 0.779548 0.626301 -0.007201 7.354804 0.002495 0.008391 0.999962 -0.072325
0.620204 -0.784425 0.005047 6.248953 0.784437 0.620167 -0.007240 7.624783 0.002549 0.008449 0.999961 -0.074635
0.614158 -0.789167 0.005115 6.484626 0.789179 0.614120 -0.007277 7.956355 0.002602 0.008507 0.999961 -0.077520
0.610561 -0.791953 0.005156 6.590614 0.791965 0.610523 -0.007300 8.111334 0.002633 0.008540 0.999960 -0.078827
0.602544 -0.798069 0.005246 6.728257 0.798081 0.602505 -0.007348 8.337033 0.002704 0.008614 0.999959 -0.080563
0.588908 -0.808182 0.005398 6.958608 0.808195 0.588867 -0.007427 8.726981 0.002824 0.008737 0.999958 -0.083488
0.582931 -0.812503 0.005465 7.029476 0.812516 0.582890 -0.007461 8.862592 0.002877 0.008790 0.999957 -0.084412
0.568762 -0.822483 0.005622 7.176886 0.822497 0.568719 -0.007538 9.165751 0.003003 0.008912 0.999956 -0.086369
0.552856 -0.833257 0.005799 7.342791 0.833271 0.552812 -0.007621 9.518159 0.003144 0.009045 0.999954 -0.088590
0.545689 -0.837968 0.005878 7.440459 0.837982 0.545644 -0.007656 9.713396 0.003209 0.009104 0.999953 -0.089877
0.536241 -0.844044 0.005982 7.566986 0.844059 0.536195 -0.007702 9.971335 0.003293 0.009179 0.999952 -0.091553
0.520167 -0.854043 0.006159 7.773540 0.854058 0.520120 -0.007777 10.410110 0.003438 0.009305 0.999951 -0.094318
0.515667 -0.856767 0.006208 7.844929 0.856782 0.515620 -0.007797 10.558316 0.003479 0.009339 0.999950 -0.095268
0.505389 -0.862869 0.006321 7.998869 0.862884 0.505341 -0.007841 10.885529 0.003572 0.009417 0.999949 -0.097328
0.493293 -0.869840 0.006453 8.179234 0.869856 0.493243 -0.007892 11.277013 0.003682 0.009506 0.999948 -0.099756
0.486681 -0.873556 0.006525 8.272714 0.873572 0.486631 -0.007918 11.487392 0.003742 0.009553 0.999947 -0.101025
0.477899 -0.878390 0.006620 8.389636 0.878407 0.477848 -0.007953 11.753009 0.003822 0.009616 0.999946 -0.102618
0.464056 -0.885780 0.006770 8.567135 0.885797 0.464004 -0.008005 12.175292 0.003949 0.009712 0.999945 -0.105065
0.459005 -0.888408 0.006825 8.624866 0.888425 0.458952 -0.008023 12.318059 0.003995 0.009746 0.999945 -0.105870
0.448944 -0.893533 0.006934 8.746610 0.893551 0.448890 -0.008058 12.626147 0.004088 0.009813 0.999944 -0.107578
0.435727 -0.900051 0.007076 8.883952 0.900069 0.435672 -0.008102 12.996819 0.004209 0.009900 0.999942 -0.109542
0.428965 -0.903293 0.007149 8.951748 0.903311 0.428909 -0.008124 13.188199 0.004272 0.009943 0.999941 -0.110525
0.419129 -0.907898 0.007255 9.037778 0.907916 0.419072 -0.008154 13.443515 0.004363 0.010005 0.999940 -0.111792
0.403028 -0.915158 0.007427 9.174768 0.915177 0.402969 -0.008201 13.869859 0.004512 0.010103 0.999939 -0.113841
0.397229 -0.917689 0.007489 9.218599 0.917708 0.397170 -0.008217 14.015586 0.004566 0.010137 0.999938 -0.114511
0.383834 -0.923371 0.007632 9.301710 0.923390 0.383774 -0.008253 14.322596 0.004691 0.010215 0.999937 -0.115831
0.368417 -0.929628 0.007797 9.398676 0.929648 0.368355 -0.008291 14.692758 0.004835 0.010303 0.999935 -0.117391
0.358967 -0.933317 0.007897 9.440916 0.933337 0.358904 -0.008313 14.887299 0.004924 0.010355 0.999934 -0.118123
0.348502 -0.937274 0.008008 9.500171 0.937294 0.348439 -0.008336 15.147836 0.005022 0.010411 0.999933 -0.119130
0.331483 -0.943426 0.008188 9.598703 0.943447 0.331417 -0.008370 15.585706 0.005183 0.010499 0.999931 -0.120813
0.324746 -0.945765 0.008259 9.628942 0.945787 0.324680 -0.008383 15.738868 0.005246 0.010534 0.999931 -0.121359
0.314215 -0.949315 0.008370 9.714115 0.949337 0.314148 -0.008401 16.083499 0.005346 0.010586 0.999930 -0.122760
0.300066 -0.953881 0.008519 9.804610 0.953903 0.299998 -0.008424 16.499234 0.005480 0.010654 0.999928 -0.124327
0.291125 -0.956647 0.008613 9.841770 0.956669 0.291055 -0.008438 16.716237 0.005565 0.010696 0.999927 -0.125044
0.281607 -0.959491 0.008712 9.891786 0.959513 0.281536 -0.008451 16.994709 0.005656 0.010739 0.999926 -0.125988
0.269696 -0.962905 0.008837 9.998470 0.962928 0.269625 -0.008466 17.505700 0.005770 0.010793 0.999925 -0.127869
0.265309 -0.964123 0.008883 10.030316 0.964146 0.265237 -0.008472 17.681875 0.005812 0.010812 0.999925 -0.128468
0.252994 -0.967426 0.009011 10.087835 0.967450 0.252921 -0.008485 18.050888 0.005929 0.010864 0.999923 -0.129631
0.240659 -0.970567 0.009139 10.144273 0.970591 0.240584 -0.008497 18.430664 0.006048 0.010915 0.999922 -0.130800
0.235733 -0.971775 0.009191 10.190660 0.971799 0.235658 -0.008501 18.675191 0.006095 0.010935 0.999922 -0.131653
0.229741 -0.973208 0.009253 10.254728 0.973232 0.229666 -0.008506 19.010784 0.006153 0.010959 0.999921 -0.132828
0.220038 -0.975447 0.009353 10.321953 0.975471 0.219962 -0.008513 19.429055 0.006246 0.010997 0.999920 -0.134167
0.212720 -0.977068 0.009429 10.368770 0.977093 0.212643 -0.008517 19.745126 0.006317 0.011025 0.999919 -0.135138
0.206038 -0.978498 0.009498 10.428975 0.978523 0.205960 -0.008521 20.116196 0.006381 0.011050 0.999919 -0.136332
0.200523 -0.979643 0.009555 10.477326 0.979668 0.200445 -0.008524 20.432693 0.006435 0.011070 0.999918 -0.137319
0.194677 -0.980820 0.009616 10.543686 0.980846 0.194598 -0.008526 20.841528 0.006491 0.011091 0.999917 -0.138634
0.189460 -0.981841 0.009669 10.595810 0.981867 0.189381 -0.008528 21.188062 0.006542 0.011110 0.999917 -0.139707
0.183386 -0.982993 0.009732 10.667450 0.983019 0.183306 -0.008530 21.654310 0.006601 0.011131 0.999916 -0.141166
0.180234 -0.983575 0.009764 10.722470 0.983601 0.180154 -0.008531 22.002822 0.006631 0.011142 0.999916 -0.142271
0.176027 -0.984337 0.009808 10.795630 0.984363 0.175946 -0.008532 22.465177 0.006672 0.011156 0.999916 -0.143739
0.173363 -0.984809 0.009835 10.856457 0.984835 0.173282 -0.008532 22.845214 0.006698 0.011165 0.999915 -0.144953
0.169664 -0.985453 0.009873 10.939824 0.985479 0.169582 -0.008533 23.367643 0.006734 0.011177 0.999915 -0.146619
0.167410 -0.985838 0.009896 10.997289 0.985864 0.167329 -0.008533 23.727154 0.006756 0.011185 0.999915 -0.147766
0.163551 -0.986485 0.009936 11.081892 0.986511 0.163470 -0.008533 24.271987 0.006794 0.011197 0.999914 -0.149480
0.161325 -0.986851 0.009959 11.138719 0.986878 0.161243 -0.008533 24.641438 0.006815 0.011205 0.999914 -0.150636
0.157747 -0.987429 0.009995 11.217056 0.987456 0.157665 -0.008533 25.162682 0.006850 0.011216 0.999914 -0.152250
0.153429 -0.988109 0.010040 11.308522 0.988136 0.153346 -0.008533 25.790379 0.006892 0.011230 0.999913 -0.154164
0.151063 -0.988473 0.010064 11.357787 0.988500 0.150980 -0.008533 26.133951 0.006915 0.011237 0.999913 -0.155204
0.148105 -0.988920 0.010094 11.421453 0.988947 0.148022 -0.008533 26.583691 0.006944 0.011246 0.999913 -0.156557
0.143023 -0.989667 0.010146 11.526762 0.989695 0.142940 -0.008532 27.347732 0.006994 0.011262 0.999912 -0.158827
0.141184 -0.989931 0.010165 11.560890 0.989958 0.141101 -0.008532 27.604649 0.007012 0.011268 0.999912 -0.159578
0.137891 -0.990395 0.010199 11.639495 0.990422 0.137807 -0.008531 28.186167 0.007044 0.011277 0.999912 -0.161290
0.134611 -0.990846 0.010232 11.733701 0.990873 0.134527 -0.008531 28.883744 0.007076 0.011287 0.999911 -0.163343
0.132894 -0.991077 0.010250 11.784895 0.991105 0.132809 -0.008530 29.266078 0.007093 0.011292 0.999911 -0.164464
0.130917 -0.991340 0.010270 11.851142 0.991368 0.130832 -0.008530 29.760630 0.007112 0.011298 0.999911 -0.165914
0.126908 -0.991861 0.010311 11.958965 0.991889 0.126823 -0.008529 30.601338 0.007151 0.011310 0.999911 -0.168331
0.124886 -0.992117 0.010332 11.992639 0.992145 0.124801 -0.008528 30.888290 0.007171 0.011315 0.999910 -0.169125
0.121516 -0.992535 0.010366 12.068985 0.992563 0.121430 -0.008527 31.519373 0.007204 0.011325 0.999910 -0.170894
0.117142 -0.993061 0.010410 12.157517 0.993089 0.117056 -0.008525 32.285226 0.007247 0.011337 0.999910 -0.172999
0.114628 -0.993354 0.010436 12.203663 0.993382 0.114541 -0.008524 32.702035 0.007272 0.011344 0.999909 -0.174124
0.110780 -0.993790 0.010475 12.260242 0.993818 0.110694 -0.008522 33.244664 0.007310 0.011355 0.999909 -0.175554
0.105063 -0.994410 0.010533 12.354110 0.994438 0.104975 -0.008519 34.162725 0.007366 0.011370 0.999908 -0.177955
0.102709 -0.994655 0.010557 12.383463 0.994684 0.102622 -0.008518 34.476440 0.007389 0.011376 0.999908 -0.178748
0.098500 -0.995080 0.010600 12.448770 0.995109 0.098412 -0.008516 35.162376 0.007430 0.011387 0.999908 -0.180494
0.094313 -0.995486 0.010643 12.526529 0.995514 0.094225 -0.008513 35.986616 0.007472 0.011398 0.999907 -0.182584
0.092193 -0.995684 0.010664 12.567633 0.995713 0.092104 -0.008512 36.432141 0.007493 0.011403 0.999907 -0.183705
0.089822 -0.995900 0.010688 12.622243 0.995929 0.089733 -0.008510 37.018713 0.007516 0.011409 0.999907 -0.185185
0.086217 -0.996219 0.010725 12.711769 0.996248 0.086128 -0.008507 37.995908 0.007551 0.011418 0.999906 -0.187637
0.085732 -0.996260 0.010730 12.743758 0.996289 0.085643 -0.008507 38.321552 0.007556 0.011419 0.999906 -0.188475
0.085335 -0.996294 0.010734 12.814389 0.996323 0.085246 -0.008507 39.029549 0.007560 0.011420 0.999906 -0.190309
0.086566 -0.996188 0.010721 12.904881 0.996217 0.086477 -0.008508 39.874837 0.007548 0.011417 0.999906 -0.192560
0.087537 -0.996104 0.010711 12.954729 0.996133 0.087448 -0.008508 40.329551 0.007538 0.011415 0.999907 -0.193783
0.089103 -0.995965 0.010696 13.014714 0.995994 0.089014 -0.008509 40.856683 0.007523 0.011411 0.999907 -0.195222
0.091873 -0.995714 0.010667 13.136601 0.995742 0.091784 -0.008511 41.917320 0.007496 0.011404 0.999907 -0.198130
0.092981 -0.995611 0.010656 13.176887 0.995640 0.092892 -0.008512 42.256399 0.007485 0.011401 0.999907 -0.199073
0.094720 -0.995447 0.010639 13.263104 0.995476 0.094632 -0.008513 42.993265 0.007468 0.011397 0.999907 -0.201109
0.096963 -0.995231 0.010616 13.369200 0.995260 0.096875 -0.008515 43.879549 0.007446 0.011391 0.999907 -0.203582
0.098089 -0.995121 0.010604 13.426359 0.995150 0.098000 -0.008515 44.353100 0.007434 0.011388 0.999908 -0.204908
0.098614 -0.995069 0.010599 13.498211 0.995098 0.098526 -0.008516 44.968148 0.007429 0.011387 0.999908 -0.206606
0.099287 -0.995002 0.010592 13.617531 0.995031 0.099199 -0.008516 45.991545 0.007423 0.011385 0.999908 -0.209429
0.099512 -0.994980 0.010590 13.658210 0.995009 0.099424 -0.008516 46.339281 0.007420 0.011384 0.999908 -0.210389
0.100062 -0.994925 0.010584 13.746966 0.994954 0.099974 -0.008516 47.095211 0.007415 0.011383 0.999908 -0.212481
0.100794 -0.994851 0.010577 13.854233 0.994880 0.100706 -0.008517 47.998807 0.007408 0.011381 0.999908 -0.214993
0.101541 -0.994775 0.010569 13.912436 0.994804 0.101454 -0.008517 48.475634 0.007401 0.011379 0.999908 -0.216334
0.101689 -0.994760 0.010568 13.985769 0.994789 0.101601 -0.008517 49.095504 0.007399 0.011379 0.999908 -0.218055
0.102131 -0.994715 0.010563 14.107078 0.994744 0.102043 -0.008518 50.112930 0.007395 0.011378 0.999908 -0.220888
0.101825 -0.994746 0.010566 14.146595 0.994775 0.101738 -0.008517 50.455620 0.007398 0.011378 0.999908 -0.221829
0.101348 -0.994795 0.010571 14.231042 0.994824 0.101260 -0.008517 51.189452 0.007402 0.011380 0.999908 -0.223843
0.099968 -0.994934 0.010585 14.329003 0.994963 0.099880 -0.008516 52.070885 0.007416 0.011383 0.999908 -0.226226
0.099374 -0.994994 0.010591 14.379972 0.995022 0.099286 -0.008516 52.531143 0.007422 0.011385 0.999908 -0.227469
0.097310 -0.995198 0.010612 14.442477 0.995226 0.097222 -0.008515 53.142051 0.007442 0.011390 0.999908 -0.229067
0.094733 -0.995446 0.010638 14.544548 0.995475 0.094645 -0.008513 54.137938 0.007468 0.011397 0.999907 -0.231674
0.093773 -0.995537 0.010648 14.578292 0.995566 0.093684 -0.008513 54.477066 0.007477 0.011399 0.999907 -0.232551
0.092367 -0.995668 0.010662 14.652012 0.995697 0.092279 -0.008512 55.204039 0.007491 0.011403 0.999907 -0.234446
0.091053 -0.995789 0.010676 14.739913 0.995818 0.090964 -0.008511 56.072951 0.007504 0.011406 0.999907 -0.236709
0.090353 -0.995852 0.010683 14.785927 0.995882 0.090264 -0.008510 56.531708 0.007511 0.011408 0.999907 -0.237900
0.089992 -0.995885 0.010687 14.847656 0.995914 0.089904 -0.008510 57.131796 0.007514 0.011409 0.999907 -0.239473
0.089580 -0.995922 0.010691 14.949181 0.995951 0.089491 -0.008510 58.118452 0.007518 0.011410 0.999907 -0.242060
0.089100 -0.995965 0.010696 14.982452 0.995994 0.089012 -0.008509 58.456476 0.007523 0.011411 0.999907 -0.242931
0.088364 -0.996031 0.010703 15.054914 0.996060 0.088275 -0.008509 59.181216 0.007530 0.011413 0.999907 -0.244810
0.088235 -0.996042 0.010704 15.142764 0.996071 0.088146 -0.008509 60.042862 0.007532 0.011413 0.999907 -0.247061
0.088303 -0.996036 0.010704 15.191179 0.996065 0.088214 -0.008509 60.512195 0.007531 0.011413 0.999907 -0.248292
0.088501 -0.996019 0.010702 15.253149 0.996048 0.088412 -0.008509 61.108305 0.007529 0.011412 0.999907 -0.249861
