1.000000 0.000000 0.000000 0.000000 0.000000 1.000000 0.000000 0.000000 0.000000 0.000000 1.000000 0.000000
1.000000 -0.000032 0.000000 0.195641 0.000032 1.000000 -0.000000 -0.002407 -0.000000 0.000000 1.000000 -0.001953
0.999999 -0.001358 0.000002 0.757579 0.001358 0.999999 -0.000014 -0.004772 -0.000002 0.000014 1.000000 -0.007568
0.999996 -0.002907 0.000005 1.480648 0.002907 0.999996 -0.000029 -0.008752 -0.000005 0.000029 1.000000 -0.014793
0.999998 -0.002085 0.000003 1.726295 0.002085 0.999998 -0.000021 -0.014769 -0.000003 0.000021 1.000000 -0.017240
0.999995 -0.003324 0.000005 2.119512 0.003324 0.999995 -0.000033 -0.014962 -0.000005 0.000033 1.000000 -0.021172
0.999991 -0.004169 0.000007 2.889598 0.004169 0.999991 -0.000042 -0.020140 -0.000007 0.000042 1.000000 -0.028865
0.999992 -0.003975 0.000006 3.236264 0.003975 0.999992 -0.000040 -0.024420 -0.000006 0.000040 1.000000 -0.032325
0.999995 -0.003161 0.000005 3.657737 0.003161 0.999995 -0.000032 -0.031308 -0.000005 0.000032 1.000000 -0.036529
0.999994 -0.003406 0.000005 4.388804 0.003406 0.999994 -0.000034 -0.038309 -0.000005 0.000034 1.000000 -0.043829
0.999994 -0.003470 0.000006 4.630085 0.003470 0.999994 -0.000035 -0.040642 -0.000005 0.000035 1.000000 -0.046238
0.999989 -0.004800 0.000008 4.997483 0.004800 0.999989 -0.000048 -0.039373 -0.000008 0.000048 1.000000 -0.049914
0.999992 -0.004129 0.000007 5.781440 0.004129 0.999992 -0.000041 -0.049019 -0.000006 0.000041 1.000000 -0.057738
0.999988 -0.004964 0.000008 5.991822 0.004965 0.999988 -0.000050 -0.048204 -0.000008 0.000050 1.000000 -0.059843
0.999991 -0.004279 0.000007 6.569969 0.004279 0.999991 -0.000043 -0.055848 -0.000007 0.000043 1.000000 -0.065613
0.999963 -0.008563 0.000014 7.157993 0.008563 0.999963 -0.000086 -0.046119 -0.000013 0.000086 1.000000 -0.071509
0.999930 -0.011835 0.000020 7.549899 0.011835 0.999930 -0.000118 -0.036973 -0.000018 0.000118 1.000000 -0.075443
0.999875 -0.015811 0.000026 7.947991 0.015811 0.999875 -0.000158 -0.023903 -0.000024 0.000158 1.000000 -0.079445
0.999748 -0.022442 0.000038 8.711396 0.022442 0.999748 -0.000224 0.002299 -0.000033 0.000225 1.000000 -0.087121
0.999682 -0.025199 0.000043 8.904449 0.025199 0.999682 -0.000251 0.013561 -0.000037 0.000253 1.000000 -0.089069
0.999577 -0.029080 0.000051 9.484016 0.029080 0.999577 -0.000290 0.033830 -0.000042 0.000291 1.000000 -0.094897
0.999432 -0.033695 0.000059 10.226023 0.033695 0.999432 -0.000336 0.061794 -0.000048 0.000338 1.000000 -0.102362
0.999439 -0.033500 0.000059 10.474495 0.033500 0.999438 -0.000334 0.065860 -0.000048 0.000336 1.000000 -0.104853
0.999376 -0.035314 0.000062 11.015436 0.035314 0.999376 -0.000352 0.083300 -0.000050 0.000354 1.000000 -0.110291
0.999378 -0.035263 0.000062 11.641141 0.035263 0.999378 -0.000352 0.096683 -0.000050 0.000354 1.000000 -0.116569
0.999361 -0.035733 0.000063 11.985065 0.035733 0.999361 -0.000356 0.105891 -0.000051 0.000358 1.000000 -0.120023
0.999350 -0.036055 0.000064 12.424252 0.036055 0.999350 -0.000360 0.116472 -0.000051 0.000362 1.000000 -0.124432
0.999319 -0.036886 0.000066 13.174608 0.036886 0.999319 -0.000368 0.135669 -0.000052 0.000370 1.000000 -0.131967
0.999341 -0.036283 0.000064 13.408108 0.036283 0.999341 -0.000362 0.138801 -0.000051 0.000364 1.000000 -0.134307
0.999230 -0.039225 0.000070 13.810683 0.039225 0.999230 -0.000391 0.158092 -0.000055 0.000393 1.000000 -0.138363
0.998886 -0.047178 0.000086 14.586855 0.047178 0.998886 -0.000470 0.206698 -0.000064 0.000474 1.000000 -0.146203
0.998789 -0.049194 0.000090 14.785907 0.049194 0.998789 -0.000490 0.219936 -0.000066 0.000494 1.000000 -0.148214
0.998537 -0.054068 0.000101 15.392458 0.054068 0.998537 -0.000538 0.258609 -0.000071 0.000543 1.000000 -0.154342
0.998305 -0.058201 0.000110 15.992936 0.058201 0.998305 -0.000579 0.297518 -0.000076 0.000585 1.000000 -0.160409
0.998167 -0.060515 0.000115 16.378935 0.060515 0.998167 -0.000602 0.322665 -0.000078 0.000608 1.000000 -0.164309
0.997970 -0.063687 0.000122 16.977331 0.063688 0.997970 -0.000634 0.362126 -0.000081 0.000640 1.000000 -0.170356
0.997892 -0.064893 0.000124 17.577351 0.064893 0.997892 -0.000646 0.396733 -0.000082 0.000652 1.000000 -0.176411
0.997866 -0.065286 0.000125 17.975607 0.065286 0.997866 -0.000649 0.418428 -0.000083 0.000656 1.000000 -0.180429
0.997877 -0.065118 0.000125 18.379007 0.065118 0.997877 -0.000648 0.438458 -0.000082 0.000655 1.000000 -0.184495
0.997858 -0.065419 0.000126 18.972319 0.065419 0.997857 -0.000651 0.470019 -0.000083 0.000658 1.000000 -0.190478
0.997916 -0.064520 0.000124 19.364820 0.064520 0.997916 -0.000642 0.486985 -0.000082 0.000649 1.000000 -0.194430
0.997923 -0.064422 0.000123 19.762459 0.064422 0.997922 -0.000641 0.506958 -0.000082 0.000648 1.000000 -0.198439
0.998030 -0.062730 0.000120 20.528357 0.062730 0.998030 -0.000624 0.538936 -0.000080 0.000630 1.000000 -0.206149
0.997994 -0.063304 0.000121 20.727555 0.063304 0.997994 -0.000630 0.550523 -0.000081 0.000636 1.000000 -0.208159
0.997986 -0.063430 0.000121 21.325392 0.063430 0.997986 -0.000631 0.580361 -0.000081 0.000638 1.000000 -0.214186
0.997896 -0.064837 0.000124 21.911857 0.064837 0.997896 -0.000645 0.614584 -0.000082 0.000652 1.000000 -0.220105
0.997910 -0.064623 0.000124 22.309906 0.064623 0.997909 -0.000643 0.634256 -0.000082 0.000650 1.000000 -0.224117
0.997806 -0.066210 0.000127 22.863505 0.066210 0.997805 -0.000659 0.667485 -0.000084 0.000666 1.000000 -0.229706
0.997792 -0.066411 0.000128 23.434326 0.066411 0.997792 -0.000661 0.697208 -0.000084 0.000668 1.000000 -0.235462
0.997805 -0.066224 0.000127 23.819007 0.066224 0.997804 -0.000659 0.716007 -0.000084 0.000666 1.000000 -0.239339
0.997904 -0.064710 0.000124 24.203471 0.064710 0.997904 -0.000644 0.731172 -0.000082 0.000650 1.000000 -0.243208
0.997864 -0.065316 0.000125 24.792301 0.065316 0.997864 -0.000650 0.763450 -0.000083 0.000657 1.000000 -0.249147
0.997924 -0.064399 0.000123 25.179608 0.064399 0.997924 -0.000641 0.780189 -0.000082 0.000647 1.000000 -0.253047
0.998072 -0.062064 0.000118 25.744358 0.062064 0.998072 -0.000618 0.800673 -0.000080 0.000624 1.000000 -0.258728
0.998045 -0.062502 0.000119 26.315820 0.062502 0.998044 -0.000622 0.829395 -0.000080 0.000628 1.000000 -0.264488
0.998163 -0.060580 0.000115 26.521748 0.060580 0.998163 -0.000603 0.832948 -0.000078 0.000609 1.000000 -0.266553
0.998286 -0.058522 0.000110 27.073138 0.058522 0.998286 -0.000583 0.851756 -0.000076 0.000588 1.000000 -0.272097
0.998324 -0.057876 0.000109 27.694558 0.057876 0.998323 -0.000576 0.877736 -0.000075 0.000581 1.000000 -0.278353
0.998326 -0.057832 0.000109 27.955632 0.057832 0.998326 -0.000576 0.888786 -0.000075 0.000581 1.000000 -0.280981
0.998410 -0.056366 0.000106 28.494884 0.056366 0.998410 -0.000561 0.906995 -0.000074 0.000566 1.000000 -0.286403
0.998511 -0.054545 0.000102 29.082660 0.054545 0.998511 -0.000543 0.925988 -0.000072 0.000548 1.000000 -0.292311
0.998520 -0.054379 0.000101 29.283283 0.054379 0.998520 -0.000541 0.933952 -0.000072 0.000546 1.000000 -0.294330
0.998578 -0.053312 0.000099 29.851540 0.053312 0.998578 -0.000531 0.953554 -0.000071 0.000535 1.000000 -0.300044
0.998674 -0.051475 0.000095 30.396640 0.051476 0.998674 -0.000513 0.968441 -0.000069 0.000517 1.000000 -0.305519
0.998751 -0.049962 0.000092 30.756212 0.049962 0.998751 -0.000498 0.976475 -0.000067 0.000502 1.000000 -0.309128
0.998827 -0.048417 0.000089 31.132485 0.048417 0.998827 -0.000482 0.984835 -0.000065 0.000486 1.000000 -0.312904
0.998939 -0.046058 0.000084 31.884474 0.046058 0.998938 -0.000459 1.002288 -0.000063 0.000462 1.000000 -0.320452
0.998976 -0.045231 0.000082 32.076268 0.045231 0.998976 -0.000451 1.005731 -0.000062 0.000454 1.000000 -0.322375
0.999052 -0.043526 0.000079 32.619339 0.043526 0.999052 -0.000434 1.016448 -0.000060 0.000437 1.000000 -0.327823
0.999127 -0.041780 0.000075 33.185047 0.041780 0.999127 -0.000416 1.027085 -0.000058 0.000419 1.000000 -0.333498
0.999174 -0.040644 0.000073 33.560841 0.040644 0.999173 -0.000405 1.033613 -0.000056 0.000408 1.000000 -0.337266
0.999226 -0.039325 0.000070 33.926173 0.039325 0.999226 -0.000392 1.038924 -0.000055 0.000394 1.000000 -0.340928
0.999284 -0.037832 0.000067 34.657957 0.037832 0.999284 -0.000377 1.051794 -0.000053 0.000379 1.000000 -0.348267
0.999370 -0.035484 0.000063 35.023883 0.035484 0.999370 -0.000354 1.052230 -0.000050 0.000356 1.000000 -0.351927
0.999408 -0.034392 0.000061 35.392769 0.034392 0.999408 -0.000343 1.056163 -0.000049 0.000345 1.000000 -0.355622
0.999478 -0.032305 0.000057 35.942400 0.032305 0.999478 -0.000322 1.060010 -0.000046 0.000324 1.000000 -0.361125
0.999510 -0.031297 0.000055 36.303414 0.031297 0.999510 -0.000312 1.063430 -0.000045 0.000314 1.000000 -0.364740
0.999530 -0.030646 0.000054 36.677561 0.030646 0.999530 -0.000306 1.067973 -0.000044 0.000307 1.000000 -0.368489
0.999625 -0.027380 0.000047 37.401142 0.027380 0.999625 -0.000273 1.068019 -0.000040 0.000274 1.000000 -0.375725
0.999667 -0.025812 0.000044 37.755215 0.025812 0.999667 -0.000258 1.067470 -0.000038 0.000259 1.000000 -0.379265
0.999684 -0.025134 0.000043 38.115131 0.025134 0.999684 -0.000251 1.069177 -0.000037 0.000252 1.000000 -0.382867
0.999733 -0.023113 0.000039 38.664092 0.023113 0.999733 -0.000231 1.068378 -0.000034 0.000232 1.000000 -0.388356
0.999751 -0.022321 0.000038 39.035216 0.022321 0.999751 -0.000223 1.069480 -0.000033 0.000224 1.000000 -0.392069
0.999769 -0.021493 0.000037 39.404878 0.021493 0.999769 -0.000215 1.070138 -0.000032 0.000215 1.000000 -0.395767
0.999836 -0.018078 0.000030 40.103458 0.018078 0.999836 -0.000181 1.062646 -0.000027 0.000181 1.000000 -0.402741
0.999843 -0.017707 0.000030 40.286573 0.017707 0.999843 -0.000177 1.062236 -0.000027 0.000177 1.000000 -0.404571
0.999872 -0.015970 0.000027 40.818327 0.015970 0.999872 -0.000160 1.057883 -0.000024 0.000160 1.000000 -0.409882
0.999903 -0.013905 0.000023 41.347751 0.013905 0.999903 -0.000139 1.051781 -0.000021 0.000139 1.000000 -0.415167
0.999917 -0.012869 0.000021 41.696048 0.012869 0.999917 -0.000129 1.048488 -0.000020 0.000129 1.000000 -0.418645
0.999944 -0.010612 0.000017 42.218133 0.010612 0.999943 -0.000106 1.040088 -0.000016 0.000106 1.000000 -0.423852
0.999968 -0.008006 0.000013 42.758108 0.008005 0.999968 -0.000080 1.029198 -0.000012 0.000080 1.000000 -0.429235
0.999979 -0.006524 0.000011 43.115001 0.006524 0.999978 -0.000065 1.022133 -0.000010 0.000065 1.000000 -0.432793
0.999981 -0.006078 0.000010 43.475751 0.006078 0.999981 -0.000061 1.017819 -0.000009 0.000061 1.000000 -0.436393
0.999992 -0.004028 0.000006 43.997764 0.004028 0.999992 -0.000040 1.006582 -0.000006 0.000040 1.000000 -0.441596
0.999995 -0.003044 0.000005 44.352788 0.003044 0.999995 -0.000030 0.999626 -0.000005 0.000030 1.000000 -0.445135
0.999998 -0.001730 0.000003 44.889764 0.001730 0.999998 -0.000017 0.989075 -0.000003 0.000017 1.000000 -0.450488
1.000000 0.000149 -0.000000 45.425173 -0.000149 1.000000 0.000001 0.975421 0.000000 -0.000001 1.000000 -0.455821
0.999998 0.002084 -0.000003 45.781556 -0.002084 0.999998 0.000021 0.963744 0.000003 -0.000021 1.000000 -0.459366
0.999996 0.002701 -0.000004 46.137394 -0.002701 0.999996 0.000027 0.955541 0.000004 -0.000027 1.000000 -0.462912
0.999987 0.005022 -0.000008 46.688924 -0.005022 0.999987 0.000050 0.938266 0.000008 -0.000050 1.000000 -0.468400
0.999983 0.005794 -0.000009 47.043726 -0.005794 0.999983 0.000058 0.928733 0.000009 -0.000058 1.000000 -0.471933
0.999959 0.009061 -0.000014 47.587662 -0.009061 0.999959 0.000091 0.906109 0.000015 -0.000091 1.000000 -0.477336
0.999960 0.008870 -0.000014 48.126524 -0.008870 0.999960 0.000089 0.894523 0.000015 -0.000089 1.000000 -0.482706
0.999946 0.010396 -0.000016 48.313980 -0.010396 0.999946 0.000104 0.884860 0.000017 -0.000104 1.000000 -0.484566
0.999930 0.011829 -0.000018 48.864099 -0.011829 0.999930 0.000118 0.866271 0.000020 -0.000118 1.000000 -0.490037
0.999911 0.013330 -0.000020 49.409353 -0.013330 0.999911 0.000133 0.847294 0.000022 -0.000133 1.000000 -0.495460
0.999901 0.014087 -0.000021 49.779557 -0.014087 0.999900 0.000141 0.834276 0.000023 -0.000141 1.000000 -0.499141
0.999873 0.015907 -0.000024 50.149015 -0.015907 0.999873 0.000159 0.817262 0.000027 -0.000159 1.000000 -0.502809
0.999829 0.018463 -0.000028 50.874840 -0.018463 0.999829 0.000185 0.786024 0.000031 -0.000184 1.000000 -0.510018
0.999813 0.019299 -0.000029 51.249122 -0.019299 0.999813 0.000193 0.771123 0.000033 -0.000193 1.000000 -0.513737
0.999850 0.017288 -0.000026 51.621152 -0.017288 0.999850 0.000173 0.765942 0.000029 -0.000173 1.000000 -0.517449
0.999887 0.015032 -0.000023 52.175447 -0.015032 0.999887 0.000151 0.756746 0.000025 -0.000150 1.000000 -0.522978
0.999899 0.014170 -0.000022 52.542089 -0.014170 0.999899 0.000142 0.748912 0.000024 -0.000142 1.000000 -0.526632
0.999913 0.013176 -0.000020 52.907564 -0.013176 0.999913 0.000132 0.742395 0.000022 -0.000132 1.000000 -0.530276
0.999932 0.011622 -0.000018 53.639623 -0.011622 0.999932 0.000116 0.728488 0.000019 -0.000116 1.000000 -0.537575
0.999928 0.011979 -0.000018 53.826885 -0.011979 0.999928 0.000120 0.722566 0.000020 -0.000120 1.000000 -0.539438
0.999883 0.015295 -0.000023 54.359521 -0.015295 0.999883 0.000153 0.697053 0.000026 -0.000153 1.000000 -0.544724
0.999847 0.017459 -0.000026 54.918766 -0.017459 0.999847 0.000175 0.672645 0.000029 -0.000174 1.000000 -0.550278
0.999812 0.019393 -0.000029 55.269965 -0.019394 0.999811 0.000194 0.654846 0.000033 -0.000194 1.000000 -0.553762
0.999812 0.019392 -0.000029 55.792980 -0.019392 0.999811 0.000194 0.637366 0.000033 -0.000194 1.000000 -0.558964
0.999828 0.018535 -0.000028 56.304027 -0.018535 0.999828 0.000186 0.622996 0.000031 -0.000185 1.000000 -0.564052
0.999820 0.018971 -0.000028 56.481915 -0.018971 0.999819 0.000190 0.616264 0.000032 -0.000189 1.000000 -0.565820
0.999826 0.018644 -0.000028 56.995917 -0.018644 0.999826 0.000187 0.600721 0.000031 -0.000186 1.000000 -0.570936
0.999836 0.018074 -0.000027 57.491114 -0.018074 0.999836 0.000181 0.586558 0.000030 -0.000180 1.000000 -0.575865
0.999841 0.017803 -0.000027 57.826136 -0.017803 0.999841 0.000178 0.576839 0.000030 -0.000178 1.000000 -0.579200
0.999835 0.018158 -0.000027 58.318352 -0.018158 0.999835 0.000182 0.560043 0.000031 -0.000181 1.000000 -0.584096
0.999845 0.017585 -0.000026 58.805450 -0.017585 0.999845 0.000176 0.545555 0.000030 -0.000176 1.000000 -0.588944
0.999843 0.017706 -0.000027 59.096777 -0.017706 0.999843 0.000177 0.536537 0.000030 -0.000177 1.000000 -0.591843
0.999850 0.017311 -0.000026 59.395388 -0.017311 0.999850 0.000173 0.529077 0.000029 -0.000173 1.000000 -0.594817
0.999853 0.017135 -0.000026 59.865186 -0.017135 0.999853 0.000172 0.515448 0.000029 -0.000171 1.000000 -0.599493
0.999861 0.016637 -0.000025 60.153823 -0.016637 0.999861 0.000167 0.508178 0.000028 -0.000166 1.000000 -0.602368
0.999863 0.016542 -0.000025 60.455462 -0.016542 0.999863 0.000166 0.499502 0.000028 -0.000165 1.000000 -0.605371
0.999831 0.018364 -0.000028 61.014198 -0.018364 0.999831 0.000184 0.475982 0.000031 -0.000183 1.000000 -0.610921
0.999803 0.019837 -0.000030 61.294536 -0.019836 0.999803 0.000199 0.461988 0.000034 -0.000198 1.000000 -0.613702
0.999791 0.020437 -0.000030 61.571791 -0.020437 0.999791 0.000205 0.450629 0.000035 -0.000204 1.000000 -0.616457
0.999753 0.022229 -0.000033 61.985667 -0.022229 0.999752 0.000223 0.430100 0.000038 -0.000222 1.000000 -0.620563
0.999712 0.023995 -0.000035 62.253575 -0.023995 0.999712 0.000240 0.414188 0.000041 -0.000239 1.000000 -0.623217
0.999687 0.025020 -0.000037 62.659424 -0.025020 0.999686 0.000251 0.394814 0.000043 -0.000250 1.000000 -0.627245
0.999611 0.027871 -0.000041 63.066723 -0.027871 0.999611 0.000279 0.368870 0.000048 -0.000278 1.000000 -0.631276
0.999584 0.028845 -0.000042 63.323702 -0.028845 0.999583 0.000289 0.354791 0.000050 -0.000288 1.000000 -0.633824
0.999546 0.030124 -0.000043 63.601885 -0.030124 0.999546 0.000302 0.338708 0.000053 -0.000301 1.000000 -0.636580
0.999498 0.031689 -0.000045 64.006693 -0.031689 0.999497 0.000318 0.315244 0.000055 -0.000316 1.000000 -0.640591
0.999434 0.033621 -0.000048 64.269976 -0.033621 0.999434 0.000337 0.296390 0.000059 -0.000335 1.000000 -0.643194
0.999396 0.034749 -0.000049 64.662240 -0.034749 0.999395 0.000348 0.273244 0.000061 -0.000347 1.000000 -0.647080
0.999319 0.036900 -0.000052 65.055849 -0.036900 0.999318 0.000370 0.246561 0.000066 -0.000368 1.000000 -0.650974
0.999302 0.037362 -0.000053 65.313398 -0.037362 0.999301 0.000375 0.231884 0.000066 -0.000373 1.000000 -0.653526
0.999223 0.039397 -0.000055 65.572263 -0.039397 0.999223 0.000395 0.211580 0.000071 -0.000393 1.000000 -0.656082
0.999158 0.041030 -0.000057 65.948858 -0.041030 0.999157 0.000412 0.185545 0.000074 -0.000409 1.000000 -0.659807
0.999108 0.042231 -0.000058 66.193081 -0.042231 0.999107 0.000424 0.167833 0.000076 -0.000421 1.000000 -0.662221
0.999052 0.043516 -0.000060 66.567144 -0.043516 0.999052 0.000437 0.141917 0.000079 -0.000434 1.000000 -0.665920
0.998963 0.045529 -0.000062 66.933673 -0.045529 0.998962 0.000457 0.113534 0.000083 -0.000454 1.000000 -0.669541
0.998910 0.046662 -0.000063 67.181555 -0.046662 0.998910 0.000468 0.094720 0.000085 -0.000465 1.000000 -0.671990
0.998837 0.048208 -0.000065 67.443060 -0.048207 0.998837 0.000484 0.073814 0.000088 -0.000480 1.000000 -0.674571
0.998787 0.049242 -0.000066 67.817186 -0.049242 0.998786 0.000494 0.046764 0.000091 -0.000491 1.000000 -0.678270
0.998698 0.050997 -0.000068 68.053195 -0.050997 0.998698 0.000512 0.025664 0.000094 -0.000508 1.000000 -0.680596
0.998672 0.051516 -0.000069 68.418136 -0.051515 0.998671 0.000517 -0.000127 0.000095 -0.000513 1.000000 -0.684205
0.998698 0.051006 -0.000068 68.784592 -0.051006 0.998698 0.000512 -0.022672 0.000094 -0.000508 1.000000 -0.687833
0.998696 0.051037 -0.000068 68.908916 -0.051037 0.998696 0.000512 -0.030884 0.000094 -0.000508 1.000000 -0.689064
0.998734 0.050289 -0.000067 69.386382 -0.050289 0.998734 0.000505 -0.059468 0.000093 -0.000501 1.000000 -0.693793
0.998743 0.050126 -0.000067 69.630954 -0.050126 0.998742 0.000503 -0.074383 0.000092 -0.000499 1.000000 -0.696215
0.998790 0.049168 -0.000066 69.979710 -0.049168 0.998790 0.000494 -0.093315 0.000090 -0.000490 1.000000 -0.699673
0.998776 0.049447 -0.000067 70.104721 -0.049447 0.998776 0.000496 -0.102195 0.000091 -0.000493 1.000000 -0.700909
0.998707 0.050828 -0.000068 70.563241 -0.050828 0.998707 0.000510 -0.136137 0.000094 -0.000506 1.000000 -0.705440
0.998676 0.051441 -0.000069 70.782088 -0.051441 0.998675 0.000517 -0.152030 0.000095 -0.000512 1.000000 -0.707603
0.998623 0.052450 -0.000070 70.983869 -0.052450 0.998623 0.000527 -0.168520 0.000097 -0.000522 1.000000 -0.709595
0.998505 0.054655 -0.000072 71.293386 -0.054655 0.998505 0.000549 -0.196583 0.000102 -0.000544 1.000000 -0.712645
0.998243 0.059253 -0.000077 71.605246 -0.059253 0.998242 0.000595 -0.233704 0.000112 -0.000590 1.000000 -0.715705
0.997954 0.063928 -0.000081 71.804002 -0.063928 0.997954 0.000643 -0.264201 0.000122 -0.000636 1.000000 -0.717644
0.997600 0.069232 -0.000086 72.093513 -0.069232 0.997600 0.000696 -0.305572 0.000134 -0.000689 1.000000 -0.720473
0.997421 0.071773 -0.000089 72.341684 -0.071773 0.997420 0.000722 -0.335307 0.000140 -0.000714 1.000000 -0.722908
0.997327 0.073069 -0.000090 72.572487 -0.073069 0.997326 0.000735 -0.359811 0.000143 -0.000726 1.000000 -0.725177
0.997330 0.073019 -0.000090 72.754953 -0.073019 0.997330 0.000734 -0.375931 0.000143 -0.000726 1.000000 -0.726976
0.997369 0.072488 -0.000089 72.934857 -0.072488 0.997368 0.000729 -0.389927 0.000142 -0.000721 1.000000 -0.728753
0.997559 0.069829 -0.000087 73.201538 -0.069829 0.997558 0.000702 -0.403773 0.000136 -0.000694 1.000000 -0.731397
0.997736 0.067246 -0.000084 73.470100 -0.067246 0.997736 0.000676 -0.417467 0.000130 -0.000669 1.000000 -0.734061
0.997769 0.066751 -0.000084 73.565949 -0.066751 0.997769 0.000671 -0.423777 0.000129 -0.000664 1.000000 -0.735010
0.998026 0.062793 -0.000080 73.939480 -0.062793 0.998026 0.000631 -0.440423 0.000120 -0.000625 1.000000 -0.738719
0.998135 0.061034 -0.000079 74.133465 -0.061034 0.998135 0.000613 -0.449912 0.000116 -0.000607 1.000000 -0.740644
0.998296 0.058347 -0.000076 74.416176 -0.058347 0.998296 0.000586 -0.462009 0.000110 -0.000581 1.000000 -0.743452
0.998412 0.056328 -0.000074 74.611183 -0.056328 0.998412 0.000566 -0.469593 0.000106 -0.000561 1.000000 -0.745390
0.998532 0.054158 -0.000072 74.900328 -0.054158 0.998532 0.000544 -0.482893 0.000101 -0.000539 1.000000 -0.748260
0.998666 0.051635 -0.000069 75.098363 -0.051635 0.998665 0.000518 -0.487982 0.000096 -0.000514 1.000000 -0.750232
0.998784 0.049286 -0.000066 75.386114 -0.049286 0.998784 0.000495 -0.498941 0.000091 -0.000491 1.000000 -0.753092
0.998863 0.047659 -0.000065 75.584900 -0.047659 0.998863 0.000478 -0.506128 0.000087 -0.000475 1.000000 -0.755069
0.999004 0.044603 -0.000061 75.857384 -0.044603 0.999004 0.000448 -0.512362 0.000081 -0.000444 1.000000 -0.757784
0.999136 0.041556 -0.000058 76.158638 -0.041556 0.999135 0.000417 -0.519776 0.000075 -0.000414 1.000000 -0.760785
0.999230 0.039216 -0.000055 76.345810 -0.039216 0.999230 0.000393 -0.522188 0.000070 -0.000391 1.000000 -0.762653
0.999301 0.037378 -0.000053 76.538654 -0.037378 0.999301 0.000375 -0.525994 0.000067 -0.000373 1.000000 -0.764575
0.999428 0.033795 -0.000048 76.932880 -0.033795 0.999428 0.000339 -0.533958 0.000060 -0.000337 1.000000 -0.768505
0.999444 0.033340 -0.000048 77.037043 -0.033340 0.999443 0.000334 -0.537356 0.000059 -0.000333 1.000000 -0.769541
0.999537 0.030398 -0.000044 77.332008 -0.030398 0.999537 0.000305 -0.541159 0.000053 -0.000303 1.000000 -0.772485
0.999544 0.030179 -0.000044 77.641297 -0.030179 0.999544 0.000303 -0.554367 0.000053 -0.000301 1.000000 -0.775557
0.999565 0.029470 -0.000043 77.851744 -0.029470 0.999565 0.000295 -0.561445 0.000051 -0.000294 1.000000 -0.777650
0.999590 0.028617 -0.000041 78.071353 -0.028617 0.999590 0.000287 -0.567989 0.000050 -0.000286 1.000000 -0.779836
0.999585 0.028801 -0.000042 78.497331 -0.028801 0.999585 0.000289 -0.586640 0.000050 -0.000287 1.000000 -0.784066
0.999583 0.028860 -0.000042 78.610018 -0.028860 0.999583 0.000289 -0.591717 0.000050 -0.000288 1.000000 -0.785185
0.999580 0.028976 -0.000042 78.974608 -0.028976 0.999579 0.000290 -0.607589 0.000050 -0.000289 1.000000 -0.788806
0.999580 0.028955 -0.000042 79.338457 -0.028955 0.999580 0.000290 -0.622971 0.000050 -0.000289 1.000000 -0.792420
0.999579 0.029004 -0.000042 79.501834 -0.029004 0.999579 0.000291 -0.630141 0.000050 -0.000289 1.000000 -0.794042
0.999573 0.029199 -0.000042 79.739194 -0.029199 0.999573 0.000293 -0.641232 0.000051 -0.000291 1.000000 -0.796398
0.999588 0.028672 -0.000042 80.196584 -0.028672 0.999588 0.000287 -0.659101 0.000050 -0.000286 1.000000 -0.800944
0.999577 0.029059 -0.000042 80.318228 -0.029059 0.999577 0.000291 -0.665699 0.000051 -0.000290 1.000000 -0.802150
0.999555 0.029802 -0.000043 80.662675 -0.029802 0.999555 0.000299 -0.683095 0.000052 -0.000297 1.000000 -0.805567
0.999550 0.029994 -0.000043 81.028291 -0.029994 0.999549 0.000301 -0.699807 0.000052 -0.000299 1.000000 -0.809196
0.999546 0.030114 -0.000043 81.248885 -0.030114 0.999546 0.000302 -0.710048 0.000052 -0.000300 1.000000 -0.811386
0.999509 0.031322 -0.000045 81.494314 -0.031322 0.999509 0.000314 -0.724863 0.000055 -0.000312 1.000000 -0.813817
0.999474 0.032411 -0.000046 81.965005 -0.032411 0.999474 0.000325 -0.749900 0.000057 -0.000323 1.000000 -0.818484
0.999468 0.032587 -0.000047 82.088303 -0.032587 0.999468 0.000327 -0.756099 0.000057 -0.000325 1.000000 -0.819707
0.999421 0.034015 -0.000048 82.445388 -0.034015 0.999421 0.000341 -0.777973 0.000060 -0.000339 1.000000 -0.823243
0.999411 0.034316 -0.000049 82.821705 -0.034316 0.999410 0.000344 -0.796969 0.000061 -0.000342 1.000000 -0.826976
0.999369 0.035498 -0.000050 83.059074 -0.035498 0.999369 0.000356 -0.812507 0.000063 -0.000354 1.000000 -0.829325
0.999338 0.036365 -0.000051 83.305545 -0.036365 0.999338 0.000365 -0.827808 0.000065 -0.000363 1.000000 -0.831766
0.999237 0.039041 -0.000055 83.757049 -0.039041 0.999237 0.000392 -0.860328 0.000070 -0.000389 1.000000 -0.836229
0.999140 0.041455 -0.000057 83.874744 -0.041455 0.999140 0.000416 -0.874966 0.000075 -0.000413 1.000000 -0.837383
0.998951 0.045781 -0.000062 84.208930 -0.045781 0.998951 0.000459 -0.908657 0.000083 -0.000456 1.000000 -0.840671
0.998811 0.048740 -0.000066 84.551195 -0.048740 0.998811 0.000489 -0.939738 0.000090 -0.000486 1.000000 -0.844044
0.998692 0.051126 -0.000068 84.766524 -0.051126 0.998691 0.000513 -0.961680 0.000095 -0.000509 1.000000 -0.846163
0.998611 0.052684 -0.000070 84.979379 -0.052684 0.998610 0.000529 -0.981345 0.000098 -0.000525 1.000000 -0.848260
0.998444 0.055761 -0.000073 85.402194 -0.055761 0.998443 0.000560 -1.020815 0.000104 -0.000555 1.000000 -0.852426
0.998413 0.056312 -0.000074 85.514216 -0.056312 0.998412 0.000566 -1.030537 0.000106 -0.000561 1.000000 -0.853530
0.998274 0.058727 -0.000076 85.819649 -0.058727 0.998273 0.000590 -1.060713 0.000111 -0.000585 1.000000 -0.856537
0.998117 0.061326 -0.000079 86.132799 -0.061326 0.998117 0.000616 -1.092816 0.000116 -0.000610 1.000000 -0.859617
0.998048 0.062436 -0.000080 86.324498 -0.062436 0.998048 0.000627 -1.111208 0.000119 -0.000621 1.000000 -0.861505
0.997955 0.063907 -0.000081 86.532630 -0.063907 0.997955 0.000642 -1.132175 0.000122 -0.000636 1.000000 -0.863553
0.997755 0.066962 -0.000084 86.925412 -0.066962 0.997755 0.000673 -1.173518 0.000129 -0.000666 1.000000 -0.867415
0.997744 0.067124 -0.000084 87.026970 -0.067124 0.997744 0.000675 -1.182181 0.000129 -0.000668 1.000000 -0.868417
0.997585 0.069444 -0.000086 87.314587 -0.069444 0.997585 0.000698 -1.213740 0.000135 -0.000691 1.000000 -0.871243
0.997475 0.071009 -0.000088 87.599176 -0.071009 0.997475 0.000714 -1.243004 0.000138 -0.000706 1.000000 -0.874042
0.997416 0.071837 -0.000089 87.775164 -0.071837 0.997415 0.000723 -1.260928 0.000140 -0.000714 1.000000 -0.875774
0.997331 0.073001 -0.000090 87.959661 -0.073001 0.997331 0.000734 -1.280871 0.000143 -0.000726 1.000000 -0.877587
0.997170 0.075177 -0.000091 88.325737 -0.075177 0.997169 0.000756 -1.320546 0.000148 -0.000747 1.000000 -0.881185
0.997138 0.075596 -0.000092 88.423060 -0.075596 0.997138 0.000761 -1.330828 0.000149 -0.000751 1.000000 -0.882142
0.997051 0.076732 -0.000093 88.695895 -0.076732 0.997051 0.000772 -1.359583 0.000152 -0.000763 1.000000 -0.884824
0.996853 0.079269 -0.000095 89.001454 -0.079269 0.996852 0.000798 -1.396570 0.000158 -0.000788 1.000000 -0.887821
0.996801 0.079922 -0.000095 89.133686 -0.079922 0.996800 0.000804 -1.411241 0.000159 -0.000794 1.000000 -0.889120
0.996702 0.081145 -0.000096 89.329548 -0.081145 0.996701 0.000817 -1.433841 0.000162 -0.000806 1.000000 -0.891043
0.996586 0.082560 -0.000097 89.683821 -0.082559 0.996585 0.000831 -1.472654 0.000166 -0.000820 1.000000 -0.894524
0.996553 0.082947 -0.000098 89.781243 -0.082947 0.996553 0.000835 -1.483588 0.000167 -0.000824 1.000000 -0.895481
0.996422 0.084511 -0.000099 90.047251 -0.084511 0.996422 0.000851 -1.515229 0.000170 -0.000839 1.000000 -0.898090
0.996350 0.085361 -0.000099 90.322050 -0.085361 0.996349 0.000859 -1.545366 0.000172 -0.000848 1.000000 -0.900790
0.996230 0.086750 -0.000100 90.502041 -0.086750 0.996229 0.000874 -1.568266 0.000176 -0.000862 1.000000 -0.902554
0.996128 0.087911 -0.000101 90.685316 -0.087911 0.996127 0.000885 -1.591116 0.000179 -0.000873 1.000000 -0.904350
0.996036 0.088943 -0.000102 91.046051 -0.088942 0.996036 0.000896 -1.631928 0.000181 -0.000883 1.000000 -0.907893
0.996039 0.088911 -0.000102 91.187068 -0.088911 0.996038 0.000895 -1.646510 0.000181 -0.000883 1.000000 -0.909280
0.996037 0.088929 -0.000102 91.408003 -0.088929 0.996037 0.000896 -1.669389 0.000181 -0.000883 1.000000 -0.911453
0.996168 0.087458 -0.000101 91.679641 -0.087458 0.996167 0.000881 -1.692575 0.000178 -0.000869 1.000000 -0.914132
0.996250 0.086517 -0.000100 91.857469 -0.086517 0.996249 0.000871 -1.707521 0.000175 -0.000859 1.000000 -0.915887
0.996320 0.085701 -0.000100 92.044751 -0.085701 0.996320 0.000863 -1.723920 0.000173 -0.000851 1.000000 -0.917734
0.996484 0.083774 -0.000098 92.405400 -0.083774 0.996484 0.000843 -1.753059 0.000169 -0.000832 1.000000 -0.921294
0.996532 0.083198 -0.000098 92.505907 -0.083197 0.996532 0.000838 -1.761201 0.000167 -0.000826 1.000000 -0.922286
0.996538 0.083128 -0.000098 92.785431 -0.083128 0.996538 0.000837 -1.788267 0.000167 -0.000826 1.000000 -0.925038
0.996794 0.080004 -0.000095 93.055070 -0.080003 0.996794 0.000805 -1.803449 0.000159 -0.000795 1.000000 -0.927710
0.996846 0.079347 -0.000095 93.235227 -0.079347 0.996846 0.000799 -1.818266 0.000158 -0.000788 1.000000 -0.929489
0.996945 0.078104 -0.000094 93.423019 -0.078104 0.996944 0.000786 -1.831798 0.000155 -0.000776 1.000000 -0.931345
0.997165 0.075238 -0.000091 93.790012 -0.075238 0.997165 0.000757 -1.855711 0.000148 -0.000748 1.000000 -0.934977
0.997192 0.074871 -0.000091 93.888475 -0.074871 0.997192 0.000753 -1.863249 0.000147 -0.000744 1.000000 -0.935950
0.997347 0.072786 -0.000089 94.165385 -0.072786 0.997347 0.000732 -1.880636 0.000142 -0.000724 1.000000 -0.938691
0.997493 0.070756 -0.000088 94.454529 -0.070756 0.997493 0.000712 -1.898967 0.000138 -0.000704 1.000000 -0.941553
0.997583 0.069472 -0.000086 94.639056 -0.069471 0.997583 0.000699 -1.910364 0.000135 -0.000691 1.000000 -0.943381
0.997722 0.067447 -0.000085 94.832029 -0.067447 0.997722 0.000678 -1.919588 0.000130 -0.000671 1.000000 -0.945296
0.998004 0.063138 -0.000081 95.193357 -0.063138 0.998004 0.000635 -1.933711 0.000121 -0.000628 1.000000 -0.948887
0.998072 0.062064 -0.000080 95.290089 -0.062064 0.998071 0.000624 -1.937412 0.000118 -0.000618 1.000000 -0.949848
0.998240 0.059293 -0.000077 95.554743 -0.059293 0.998240 0.000596 -1.947870 0.000112 -0.000590 1.000000 -0.952478
0.998445 0.055740 -0.000073 95.821597 -0.055740 0.998445 0.000560 -1.955179 0.000104 -0.000555 1.000000 -0.955135
0.998498 0.054782 -0.000072 95.901166 -0.054782 0.998498 0.000550 -1.957352 0.000102 -0.000545 1.000000 -0.955927
0.998676 0.051439 -0.000069 96.167742 -0.051439 0.998675 0.000517 -1.963927 0.000095 -0.000512 1.000000 -0.958583
0.998859 0.047753 -0.000065 96.510804 -0.047753 0.998859 0.000479 -1.973209 0.000087 -0.000476 1.000000 -0.961999
0.998915 0.046563 -0.000063 96.599423 -0.046563 0.998915 0.000467 -1.974630 0.000085 -0.000464 1.000000 -0.962883
0.999048 0.043610 -0.000060 96.844683 -0.043610 0.999048 0.000438 -1.979193 0.000079 -0.000435 1.000000 -0.965328
0.999167 0.040782 -0.000057 97.098768 -0.040782 0.999167 0.000409 -1.984133 0.000073 -0.000407 1.000000 -0.967861
0.999248 0.038767 -0.000054 97.259458 -0.038767 0.999248 0.000389 -1.986010 0.000069 -0.000386 1.000000 -0.969465
0.999319 0.036887 -0.000052 97.427532 -0.036887 0.999319 0.000370 -1.988454 0.000066 -0.000368 1.000000 -0.971142
0.999425 0.033904 -0.000048 97.737975 -0.033904 0.999425 0.000340 -1.993772 0.000060 -0.000338 1.000000 -0.974238
0.999445 0.033307 -0.000048 97.821956 -0.033307 0.999445 0.000334 -1.995788 0.000059 -0.000332 1.000000 -0.975075
0.999499 0.031638 -0.000045 98.048777 -0.031638 0.999499 0.000317 -2.000757 0.000055 -0.000316 1.000000 -0.977335
0.999548 0.030047 -0.000043 98.273671 -0.030047 0.999548 0.000301 -2.005640 0.000052 -0.000300 1.000000 -0.979576
0.999579 0.028996 -0.000042 98.414973 -0.028996 0.999579 0.000291 -2.008293 0.000050 -0.000289 1.000000 -0.980985
0.999611 0.027866 -0.000041 98.564924 -0.027866 0.999611 0.000279 -2.010707 0.000048 -0.000278 1.000000 -0.982481
0.999661 0.026002 -0.000038 98.865839 -0.026002 0.999661 0.000261 -2.016503 0.000045 -0.000259 1.000000 -0.985481
0.999676 0.025417 -0.000037 98.985563 -0.025417 0.999676 0.000255 -2.019193 0.000044 -0.000254 1.000000 -0.986674
0.999704 0.024299 -0.000036 99.168484 -0.024299 0.999704 0.000243 -2.022513 0.000042 -0.000243 1.000000 -0.988498
0.999742 0.022676 -0.000034 99.400098 -0.022676 0.999742 0.000227 -2.025692 0.000039 -0.000226 1.000000 -0.990809
0.999760 0.021902 -0.000032 99.550928 -0.021902 0.999760 0.000219 -2.028552 0.000037 -0.000219 1.000000 -0.992313
0.999781 0.020915 -0.000031 99.709536 -0.020915 0.999781 0.000210 -2.030666 0.000035 -0.000209 1.000000 -0.993896
0.999820 0.018953 -0.000028 100.011590 -0.018953 0.999820 0.000190 -2.034236 0.000032 -0.000189 1.000000 -0.996911
0.999827 0.018551 -0.000028 100.091984 -0.018551 0.999827 0.000186 -2.035516 0.000031 -0.000185 1.000000 -0.997712
0.999851 0.017253 -0.000026 100.315840 -0.017253 0.999851 0.000173 -2.038355 0.000029 -0.000172 1.000000 -0.999947
0.999873 0.015929 -0.000024 100.544638 -0.015929 0.999873 0.000159 -2.040891 0.000027 -0.000159 1.000000 -1.002231
0.999882 0.015310 -0.000023 100.692166 -0.015310 0.999882 0.000153 -2.043152 0.000026 -0.000153 1.000000 -1.003702
0.999898 0.014234 -0.000022 100.848599 -0.014234 0.999898 0.000143 -2.043891 0.000024 -0.000142 1.000000 -1.005266
0.999918 0.012802 -0.000020 101.144181 -0.012802 0.999918 0.000128 -2.047213 0.000021 -0.000128 1.000000 -1.008216
0.999923 0.012349 -0.000019 101.225600 -0.012349 0.999923 0.000124 -2.047767 0.000020 -0.000123 1.000000 -1.009030
0.999942 0.010729 -0.000017 101.454363 -0.010729 0.999942 0.000107 -2.048047 0.000018 -0.000107 1.000000 -1.011317
0.999955 0.009466 -0.000015 101.692201 -0.009465 0.999955 0.000095 -2.049291 0.000016 -0.000095 1.000000 -1.013693
0.999961 0.008737 -0.000014 101.846183 -0.008737 0.999961 0.000087 -2.050375 0.000014 -0.000087 1.000000 -1.015231
0.999970 0.007663 -0.000012 102.006972 -0.007663 0.999970 0.000077 -2.050353 0.000012 -0.000077 1.000000 -1.016839
0.999982 0.005916 -0.000009 102.317518 -0.005916 0.999982 0.000059 -2.050973 0.000010 -0.000059 1.000000 -1.019944
0.999985 0.005464 -0.000009 102.401197 -0.005464 0.999985 0.000055 -2.050979 0.000009 -0.000055 1.000000 -1.020781
0.999991 0.004197 -0.000007 102.635742 -0.004197 0.999991 0.000042 -2.051083 0.000007 -0.000042 1.000000 -1.023126
0.999996 0.002749 -0.000004 102.879466 -0.002749 0.999996 0.000027 -2.050450 0.000004 -0.000027 1.000000 -1.025564
0.999998 0.002008 -0.000003 103.034365 -0.002008 0.999998 0.000020 -2.050545 0.000003 -0.000020 1.000000 -1.027113
0.999999 0.000635 -0.000001 103.240194 -0.000635 0.999999 0.000006 -2.049070 0.000001 -0.000006 1.000000 -1.029174
0.999999 -0.000551 0.000001 103.514243 0.000551 0.999999 -0.000006 -2.048779 -0.000001 0.000006 1.000000 -1.031915
0.999999 -0.000513 0.000001 103.599349 0.000513 0.999999 -0.000005 -2.049974 -0.000001 0.000005 1.000000 -1.032764
0.999999 -0.001121 0.000002 103.841045 0.001121 0.999999 -0.000011 -2.051080 -0.000002 0.000011 1.000000 -1.035180
0.999999 -0.001412 0.000002 104.090476 0.001412 0.999999 -0.000014 -2.053511 -0.000002 0.000014 1.000000 -1.037670
0.999998 -0.001979 0.000003 104.255091 0.001979 0.999998 -0.000020 -2.053651 -0.000003 0.000020 1.000000 -1.039316
0.999996 -0.002513 0.000004 104.418370 0.002513 0.999997 -0.000025 -2.053746 -0.000004 0.000025 1.000000 -1.040949
0.999996 -0.002779 0.000004 104.739169 0.002779 0.999996 -0.000028 -2.056490 -0.000004 0.000028 1.000000 -1.044153
0.999994 -0.003304 0.000005 104.866474 0.003304 0.999994 -0.000033 -2.056210 -0.000005 0.000033 1.000000 -1.045426
0.999992 -0.003793 0.000006 105.064160 0.003793 0.999993 -0.000038 -2.056707 -0.000006 0.000038 1.000000 -1.047402
0.999989 -0.004681 0.000008 105.312058 0.004681 0.999989 -0.000047 -2.056204 -0.000007 0.000047 1.000000 -1.049882
0.999986 -0.005141 0.000008 105.469217 0.005141 0.999987 -0.000051 -2.056166 -0.000008 0.000051 1.000000 -1.051454
0.999986 -0.005245 0.000008 105.633141 0.005246 0.999986 -0.000052 -2.057456 -0.000008 0.000052 1.000000 -1.053091
0.999981 -0.006114 0.000010 105.950136 0.006114 0.999981 -0.000061 -2.057392 -0.000010 0.000061 1.000000 -1.056261
0.999980 -0.006256 0.000010 106.079263 0.006256 0.999980 -0.000063 -2.058092 -0.000010 0.000063 1.000000 -1.057551
0.999974 -0.007144 0.000012 106.265721 0.007144 0.999974 -0.000071 -2.056462 -0.000011 0.000071 1.000000 -1.059419
0.999971 -0.007616 0.000012 106.517307 0.007616 0.999971 -0.000076 -2.056107 -0.000012 0.000076 1.000000 -1.061935
0.999969 -0.007805 0.000013 106.675026 0.007805 0.999969 -0.000078 -2.056454 -0.000012 0.000078 1.000000 -1.063512
0.999968 -0.007879 0.000013 106.840315 0.007879 0.999969 -0.000079 -2.057266 -0.000012 0.000079 1.000000 -1.065163
0.999961 -0.008739 0.000014 107.172428 0.008739 0.999962 -0.000087 -2.056366 -0.000014 0.000087 1.000000 -1.068486
0.999956 -0.009304 0.000015 107.262210 0.009304 0.999956 -0.000093 -2.054828 -0.000014 0.000093 1.000000 -1.069386
0.999954 -0.009519 0.000016 107.515972 0.009519 0.999954 -0.000095 -2.055272 -0.000015 0.000095 1.000000 -1.071923
0.999949 -0.010092 0.000017 107.776001 0.010093 0.999949 -0.000101 -2.054348 -0.000016 0.000101 1.000000 -1.074525
0.999947 -0.010247 0.000017 107.939568 0.010247 0.999947 -0.000102 -2.054496 -0.000016 0.000103 1.000000 -1.076161
0.999949 -0.010049 0.000017 108.154948 0.010049 0.999949 -0.000100 -2.056349 -0.000015 0.000101 1.000000 -1.078312
0.999940 -0.010937 0.000018 108.434753 0.010937 0.999940 -0.000109 -2.054504 -0.000017 0.000109 1.000000 -1.081113
0.999941 -0.010819 0.000018 108.528074 0.010819 0.999941 -0.000108 -2.055353 -0.000017 0.000108 1.000000 -1.082045
0.999952 -0.009735 0.000016 108.724441 0.009735 0.999952 -0.000097 -2.059730 -0.000015 0.000097 1.000000 -1.084001
0.999951 -0.009872 0.000016 108.979190 0.009872 0.999951 -0.000099 -2.060625 -0.000015 0.000099 1.000000 -1.086548
0.999940 -0.010944 0.000018 109.152407 0.010944 0.999940 -0.000109 -2.057720 -0.000017 0.000110 1.000000 -1.088284
0.999942 -0.010740 0.000018 109.260773 0.010740 0.999942 -0.000107 -2.059324 -0.000017 0.000107 1.000000 -1.089366
0.999946 -0.010325 0.000017 109.469020 0.010325 0.999946 -0.000103 -2.061843 -0.000016 0.000103 1.000000 -1.091444
0.999949 -0.010038 0.000016 109.572222 0.010038 0.999949 -0.000100 -2.063381 -0.000015 0.000100 1.000000 -1.092474
0.999938 -0.011101 0.000018 109.716117 0.011101 0.999938 -0.000111 -2.060594 -0.000017 0.000111 1.000000 -1.093917
0.999943 -0.010635 0.000017 109.884068 0.010635 0.999943 -0.000106 -2.063185 -0.000016 0.000106 1.000000 -1.095593
0.999937 -0.011174 0.000018 109.983728 0.011174 0.999937 -0.000112 -2.061732 -0.000017 0.000112 1.000000 -1.096592
