1.000000 0.000000 0.000000 0.000000 0.000000 1.000000 0.000000 0.000000 0.000000 0.000000 1.000000 0.000000
0.999946 -0.010384 0.000017 0.011354 0.010384 0.999946 -0.000104 0.035361 -0.000016 0.000104 1.000000 -0.000170
0.999865 -0.016434 0.000028 0.026037 0.016434 0.999865 -0.000164 0.055973 -0.000025 0.000165 1.000000 -0.000350
0.999716 -0.023824 0.000041 0.078721 0.023824 0.999716 -0.000238 0.081275 -0.000035 0.000239 1.000000 -0.000917
0.999290 -0.037677 0.000067 0.199933 0.037677 0.999290 -0.000376 0.130002 -0.000053 0.000378 1.000000 -0.002206
0.999085 -0.042771 0.000077 0.276469 0.042771 0.999085 -0.000426 0.148730 -0.000059 0.000429 1.000000 -0.003002
0.998579 -0.053290 0.000099 0.413593 0.053290 0.998579 -0.000531 0.188463 -0.000071 0.000535 1.000000 -0.004436
0.998033 -0.062687 0.000120 0.577497 0.062687 0.998033 -0.000624 0.226214 -0.000080 0.000630 1.000000 -0.006135
0.997182 -0.075024 0.000148 0.750760 0.075024 0.997181 -0.000746 0.276722 -0.000091 0.000755 1.000000 -0.007949
0.996292 -0.086034 0.000174 0.929695 0.086035 0.996292 -0.000854 0.324519 -0.000100 0.000866 1.000000 -0.009814
0.995037 -0.099504 0.000208 1.119259 0.099505 0.995037 -0.000987 0.384436 -0.000109 0.001003 1.000000 -0.011805
0.993699 -0.112084 0.000242 1.293138 0.112084 0.993698 -0.001111 0.442177 -0.000115 0.001131 0.999999 -0.013636
0.991916 -0.126895 0.000283 1.479385 0.126895 0.991915 -0.001256 0.512189 -0.000121 0.001282 0.999999 -0.015610
0.990251 -0.139296 0.000319 1.639190 0.139296 0.990250 -0.001377 0.573497 -0.000124 0.001409 0.999999 -0.017306
0.987996 -0.154476 0.000366 1.818655 0.154476 0.987995 -0.001526 0.649995 -0.000126 0.001564 0.999999 -0.019222
0.985964 -0.166955 0.000406 1.965506 0.166956 0.985963 -0.001647 0.715387 -0.000126 0.001692 0.999999 -0.020795
0.983086 -0.183141 0.000461 2.156266 0.183141 0.983085 -0.001805 0.803424 -0.000123 0.001858 0.999998 -0.022843
0.980800 -0.195014 0.000503 2.279175 0.195014 0.980799 -0.001920 0.867410 -0.000119 0.001981 0.999998 -0.024174
0.977411 -0.211345 0.000562 2.445318 0.211346 0.977409 -0.002078 0.957609 -0.000111 0.002150 0.999998 -0.025979
0.973084 -0.230450 0.000636 2.657967 0.230451 0.973081 -0.002262 1.070385 -0.000098 0.002347 0.999997 -0.028285
0.970624 -0.240599 0.000677 2.769644 0.240600 0.970622 -0.002359 1.131974 -0.000089 0.002453 0.999997 -0.029500
0.966888 -0.255200 0.000738 2.902900 0.255201 0.966885 -0.002499 1.217526 -0.000075 0.002605 0.999997 -0.030969
0.962170 -0.272448 0.000812 3.062580 0.272449 0.962167 -0.002664 1.322101 -0.000056 0.002785 0.999996 -0.032733
0.957941 -0.286963 0.000878 3.195075 0.286964 0.957937 -0.002803 1.412228 -0.000036 0.002937 0.999996 -0.034201
0.952095 -0.305802 0.000966 3.339472 0.305803 0.952090 -0.002982 1.525722 -0.000008 0.003134 0.999995 -0.035826
0.945104 -0.326767 0.001069 3.512568 0.326769 0.945099 -0.003180 1.660733 0.000029 0.003355 0.999994 -0.037772
0.940743 -0.339119 0.001133 3.602289 0.339121 0.940737 -0.003297 1.738171 0.000052 0.003486 0.999994 -0.038792
0.934779 -0.355228 0.001218 3.710595 0.355230 0.934773 -0.003449 1.839775 0.000086 0.003656 0.999993 -0.040037
0.924920 -0.380159 0.001356 3.899598 0.380161 0.924913 -0.003682 2.009310 0.000145 0.003921 0.999992 -0.042197
0.920797 -0.390040 0.001413 3.964154 0.390043 0.920789 -0.003774 2.074376 0.000171 0.004027 0.999992 -0.042947
0.911195 -0.411973 0.001544 4.104025 0.411976 0.911186 -0.003978 2.221119 0.000232 0.004261 0.999991 -0.044579
0.899571 -0.436772 0.001700 4.276181 0.436775 0.899561 -0.004208 2.399632 0.000309 0.004528 0.999990 -0.046585
0.893375 -0.449307 0.001782 4.363030 0.449311 0.893365 -0.004323 2.493188 0.000351 0.004663 0.999989 -0.047603
0.884560 -0.466422 0.001897 4.477182 0.466426 0.884549 -0.004481 2.621664 0.000412 0.004848 0.999988 -0.048949
0.873322 -0.487139 0.002043 4.609592 0.487143 0.873310 -0.004670 2.780888 0.000491 0.005073 0.999987 -0.050527
0.863352 -0.504597 0.002170 4.723599 0.504601 0.863339 -0.004829 2.920514 0.000563 0.005264 0.999986 -0.051889
0.846263 -0.532760 0.002386 4.898206 0.532765 0.846248 -0.005083 3.151350 0.000689 0.005573 0.999984 -0.054003
0.840200 -0.542270 0.002462 4.957480 0.542275 0.840185 -0.005168 3.232305 0.000734 0.005677 0.999984 -0.054724
0.827081 -0.562077 0.002624 5.079804 0.562082 0.827064 -0.005346 3.405797 0.000834 0.005896 0.999982 -0.056224
0.810315 -0.585987 0.002830 5.227044 0.585993 0.810297 -0.005558 3.624162 0.000964 0.006162 0.999980 -0.058044
0.800597 -0.599195 0.002948 5.312111 0.599201 0.800578 -0.005675 3.753319 0.001040 0.006310 0.999980 -0.059101
0.790398 -0.612586 0.003072 5.396849 0.612593 0.790377 -0.005792 3.886297 0.001120 0.006460 0.999978 -0.060160
0.771879 -0.635761 0.003294 5.545980 0.635768 0.771857 -0.005995 4.127757 0.001269 0.006721 0.999977 -0.062036
0.765361 -0.643592 0.003371 5.595162 0.643600 0.765338 -0.006062 4.211132 0.001321 0.006810 0.999976 -0.062660
0.751237 -0.660022 0.003539 5.694553 0.660030 0.751214 -0.006204 4.388468 0.001437 0.006997 0.999974 -0.063937
0.734365 -0.678744 0.003737 5.815672 0.678753 0.734340 -0.006365 4.606522 0.001575 0.007211 0.999973 -0.065495
0.724411 -0.689357 0.003854 5.882941 0.689366 0.724385 -0.006455 4.734178 0.001658 0.007333 0.999972 -0.066371
0.713465 -0.700680 0.003981 5.948100 0.700689 0.713437 -0.006551 4.866984 0.001749 0.007463 0.999971 -0.067234
0.694514 -0.719467 0.004201 6.062860 0.719477 0.694484 -0.006708 5.103315 0.001909 0.007681 0.999969 -0.068759
0.682107 -0.731239 0.004344 6.125717 0.731249 0.682077 -0.006806 5.250866 0.002014 0.007819 0.999967 -0.069622
0.672166 -0.740386 0.004458 6.171324 0.740397 0.672135 -0.006882 5.366924 0.002099 0.007926 0.999966 -0.070263
0.653835 -0.756622 0.004667 6.263519 0.756634 0.653802 -0.007015 5.591479 0.002257 0.008118 0.999965 -0.071543
0.638489 -0.769616 0.004841 6.338173 0.769628 0.638454 -0.007121 5.780970 0.002389 0.008272 0.999963 -0.072591
0.625282 -0.780383 0.004990 6.400866 0.780395 0.625246 -0.007207 5.945108 0.002504 0.008401 0.999962 -0.073479
0.609441 -0.792814 0.005168 6.471217 0.792827 0.609404 -0.007306 6.139684 0.002643 0.008551 0.999960 -0.074493
0.597639 -0.801748 0.005301 6.520733 0.801761 0.597600 -0.007377 6.284318 0.002747 0.008659 0.999959 -0.075218
0.579248 -0.815133 0.005506 6.581924 0.815146 0.579207 -0.007482 6.495450 0.002909 0.008822 0.999957 -0.076167
0.565103 -0.825001 0.005663 6.628411 0.825015 0.565060 -0.007558 6.659725 0.003035 0.008943 0.999955 -0.076893
0.547778 -0.836603 0.005855 6.678975 0.836618 0.547734 -0.007646 6.857200 0.003190 0.009087 0.999953 -0.077713
0.533296 -0.845907 0.006014 6.728321 0.845922 0.533251 -0.007716 7.035660 0.003320 0.009203 0.999952 -0.078491
0.515432 -0.856908 0.006211 6.776097 0.856924 0.515385 -0.007798 7.241508 0.003481 0.009341 0.999950 -0.079297
0.500337 -0.865807 0.006376 6.795047 0.865824 0.500288 -0.007863 7.381767 0.003618 0.009454 0.999948 -0.079709
0.482999 -0.875596 0.006565 6.830274 0.875613 0.482948 -0.007933 7.569965 0.003776 0.009580 0.999947 -0.080361
0.467853 -0.883780 0.006729 6.851427 0.883798 0.467801 -0.007991 7.723944 0.003914 0.009686 0.999945 -0.080818
0.449314 -0.893347 0.006930 6.872393 0.893365 0.449260 -0.008057 7.906507 0.004084 0.009811 0.999943 -0.081319
0.441243 -0.897360 0.007017 6.882878 0.897378 0.441189 -0.008084 7.990146 0.004159 0.009864 0.999942 -0.081557
0.416247 -0.909222 0.007286 6.895562 0.909241 0.416190 -0.008163 8.211897 0.004390 0.010022 0.999940 -0.082037
0.400940 -0.916074 0.007450 6.891013 0.916093 0.400881 -0.008207 8.326561 0.004532 0.010115 0.999938 -0.082174
0.383872 -0.923355 0.007632 6.888590 0.923375 0.383812 -0.008253 8.462717 0.004691 0.010215 0.999936 -0.082366
0.370879 -0.928648 0.007770 6.880045 0.928669 0.370818 -0.008285 8.557508 0.004812 0.010289 0.999935 -0.082432
0.357657 -0.933819 0.007911 6.881344 0.933840 0.357595 -0.008316 8.672677 0.004936 0.010362 0.999934 -0.082628
0.347380 -0.937690 0.008020 6.875809 0.937711 0.347316 -0.008338 8.750210 0.005033 0.010417 0.999933 -0.082697
0.338849 -0.940806 0.008110 6.870287 0.940827 0.338785 -0.008356 8.812718 0.005113 0.010461 0.999932 -0.082741
0.331010 -0.943592 0.008193 6.864728 0.943613 0.330945 -0.008371 8.869016 0.005187 0.010502 0.999931 -0.082775
0.319050 -0.947701 0.008319 6.858396 0.947723 0.318984 -0.008393 8.959219 0.005300 0.010562 0.999930 -0.082855
0.312886 -0.949754 0.008384 6.851625 0.949776 0.312819 -0.008404 8.996813 0.005359 0.010592 0.999929 -0.082847
0.308616 -0.951149 0.008429 6.848746 0.951171 0.308549 -0.008411 9.025440 0.005399 0.010613 0.999929 -0.082864
0.303641 -0.952749 0.008481 6.846986 0.952771 0.303573 -0.008419 9.062771 0.005446 0.010637 0.999928 -0.082906
0.299980 -0.953907 0.008520 6.844093 0.953930 0.299912 -0.008425 9.079759 0.005481 0.010654 0.999928 -0.082904
0.298871 -0.954255 0.008531 6.847223 0.954278 0.298803 -0.008426 9.089406 0.005492 0.010660 0.999928 -0.082951
0.298553 -0.954355 0.008535 6.843658 0.954377 0.298485 -0.008427 9.077774 0.005495 0.010661 0.999928 -0.082897
0.298643 -0.954327 0.008534 6.835921 0.954349 0.298574 -0.008427 9.086395 0.005494 0.010661 0.999928 -0.082833
0.298283 -0.954439 0.008538 6.830038 0.954462 0.298215 -0.008427 9.098013 0.005497 0.010662 0.999928 -0.082793
0.298447 -0.954388 0.008536 6.833292 0.954411 0.298378 -0.008427 9.112042 0.005496 0.010662 0.999928 -0.082848
0.298018 -0.954522 0.008540 6.831783 0.954545 0.297949 -0.008428 9.138397 0.005500 0.010664 0.999928 -0.082875
0.297957 -0.954541 0.008541 6.834981 0.954564 0.297889 -0.008428 9.163576 0.005500 0.010664 0.999928 -0.082947
0.297786 -0.954594 0.008543 6.835107 0.954617 0.297718 -0.008428 9.179082 0.005502 0.010665 0.999928 -0.082973
0.297508 -0.954681 0.008546 6.837467 0.954704 0.297439 -0.008428 9.203034 0.005505 0.010666 0.999928 -0.083034
0.297417 -0.954709 0.008547 6.836561 0.954732 0.297349 -0.008429 9.209412 0.005506 0.010667 0.999928 -0.083035
0.297266 -0.954757 0.008548 6.839517 0.954779 0.297197 -0.008429 9.229740 0.005507 0.010667 0.999928 -0.083097
0.297055 -0.954822 0.008550 6.839727 0.954845 0.296987 -0.008429 9.247239 0.005509 0.010668 0.999928 -0.083127
0.296941 -0.954858 0.008552 6.841435 0.954880 0.296872 -0.008429 9.258496 0.005510 0.010669 0.999928 -0.083162
0.296707 -0.954930 0.008554 6.841150 0.954953 0.296638 -0.008430 9.268082 0.005512 0.010670 0.999928 -0.083175
0.296559 -0.954976 0.008556 6.843638 0.954999 0.296491 -0.008430 9.286528 0.005514 0.010671 0.999928 -0.083229
0.296395 -0.955027 0.008557 6.843605 0.955050 0.296326 -0.008430 9.294092 0.005515 0.010671 0.999928 -0.083241
0.296335 -0.955046 0.008558 6.845037 0.955069 0.296266 -0.008430 9.301995 0.005516 0.010672 0.999928 -0.083268
0.296071 -0.955127 0.008561 6.845269 0.955150 0.296003 -0.008431 9.311915 0.005518 0.010673 0.999927 -0.083286
0.295991 -0.955152 0.008562 6.846428 0.955175 0.295922 -0.008431 9.318670 0.005519 0.010673 0.999927 -0.083308
0.295509 -0.955302 0.008567 6.844309 0.955324 0.295440 -0.008431 9.324197 0.005524 0.010675 0.999927 -0.083296
0.294781 -0.955526 0.008574 6.841455 0.955549 0.294712 -0.008433 9.330095 0.005531 0.010679 0.999927 -0.083277
0.293811 -0.955825 0.008584 6.837117 0.955848 0.293742 -0.008434 9.332318 0.005540 0.010683 0.999927 -0.083237
0.293335 -0.955971 0.008589 6.835182 0.955994 0.293267 -0.008435 9.333077 0.005544 0.010686 0.999927 -0.083219
0.291076 -0.956661 0.008613 6.826168 0.956684 0.291006 -0.008438 9.335474 0.005566 0.010696 0.999927 -0.083132
0.290400 -0.956867 0.008620 6.823446 0.956890 0.290331 -0.008439 9.335555 0.005572 0.010699 0.999927 -0.083105
0.287950 -0.957606 0.008646 6.814247 0.957629 0.287881 -0.008442 9.337603 0.005596 0.010711 0.999927 -0.083016
0.284217 -0.958721 0.008685 6.808182 0.958744 0.284147 -0.008448 9.367242 0.005631 0.010728 0.999926 -0.083003
0.282885 -0.959114 0.008699 6.806901 0.959137 0.282816 -0.008449 9.381168 0.005644 0.010734 0.999926 -0.083012
0.279766 -0.960028 0.008732 6.810199 0.960052 0.279696 -0.008454 9.434442 0.005674 0.010748 0.999926 -0.083130
0.274563 -0.961529 0.008786 6.806854 0.961552 0.274492 -0.008460 9.494651 0.005723 0.010771 0.999925 -0.083193
0.269842 -0.962864 0.008835 6.803295 0.962888 0.269771 -0.008466 9.546484 0.005768 0.010792 0.999925 -0.083240
0.265711 -0.964012 0.008878 6.797106 0.964035 0.265640 -0.008471 9.581507 0.005808 0.010810 0.999924 -0.083233
0.255706 -0.966713 0.008983 6.791362 0.966737 0.255633 -0.008482 9.696442 0.005904 0.010853 0.999923 -0.083359
0.249408 -0.968356 0.009048 6.782515 0.968380 0.249335 -0.008489 9.751052 0.005964 0.010879 0.999923 -0.083358
0.240120 -0.970700 0.009145 6.774315 0.970725 0.240046 -0.008497 9.848601 0.006053 0.010918 0.999922 -0.083431
0.221787 -0.975050 0.009335 6.745702 0.975075 0.221711 -0.008512 10.000479 0.006229 0.010990 0.999920 -0.083387
0.208981 -0.977874 0.009468 6.727061 0.977899 0.208904 -0.008519 10.114625 0.006353 0.011039 0.999919 -0.083382
0.198116 -0.980132 0.009580 6.705530 0.980157 0.198038 -0.008525 10.192657 0.006458 0.011079 0.999917 -0.083291
0.176075 -0.984328 0.009807 6.665060 0.984354 0.175995 -0.008532 10.370896 0.006672 0.011156 0.999915 -0.083170
0.155355 -0.987808 0.010020 6.618147 0.987835 0.155272 -0.008533 10.511551 0.006873 0.011224 0.999913 -0.082925
0.145334 -0.989331 0.010123 6.594929 0.989358 0.145250 -0.008533 10.579914 0.006971 0.011255 0.999912 -0.082802
0.113210 -0.993516 0.010451 6.515105 0.993544 0.113124 -0.008523 10.789868 0.007286 0.011348 0.999909 -0.082338
0.101743 -0.994755 0.010567 6.486734 0.994783 0.101655 -0.008517 10.872258 0.007399 0.011379 0.999907 -0.082185
0.075598 -0.997080 0.010832 6.415194 0.997109 0.075508 -0.008499 11.038241 0.007656 0.011444 0.999905 -0.081734
0.042264 -0.999044 0.011169 6.317457 0.999075 0.042171 -0.008466 11.234691 0.007986 0.011516 0.999901 -0.081070
0.024138 -0.999644 0.011351 6.261554 0.999675 0.024043 -0.008443 11.337350 0.008167 0.011551 0.999900 -0.080674
-0.011542 -0.999865 0.011708 6.145716 0.999897 -0.011640 -0.008388 11.532930 0.008523 0.011610 0.999896 -0.079827
-0.042059 -0.999043 0.012012 6.040742 0.999076 -0.042160 -0.008331 11.697337 0.008830 0.011651 0.999893 -0.079039
-0.067294 -0.997658 0.012262 5.949981 0.997692 -0.067398 -0.008277 11.834614 0.009084 0.011677 0.999890 -0.078350
-0.100598 -0.994848 0.012591 5.823386 0.994883 -0.100705 -0.008196 12.018710 0.009422 0.011702 0.999887 -0.077378
-0.125367 -0.992028 0.012834 5.728131 0.992063 -0.125477 -0.008128 12.141959 0.009674 0.011713 0.999884 -0.076621
-0.158572 -0.987260 0.013158 5.593893 0.987297 -0.158685 -0.008028 12.308329 0.010014 0.011718 0.999881 -0.075544
-0.187357 -0.982200 0.013438 5.472399 0.982238 -0.187473 -0.007931 12.447770 0.010310 0.011714 0.999878 -0.074551
-0.221998 -0.974950 0.013773 5.320739 0.974989 -0.222117 -0.007804 12.608911 0.010668 0.011696 0.999874 -0.073291
-0.251047 -0.967873 0.014052 5.188383 0.967913 -0.251169 -0.007687 12.747701 0.010969 0.011672 0.999871 -0.072188
-0.286603 -0.957941 0.014392 5.023981 0.957982 -0.286728 -0.007531 12.899807 0.011341 0.011629 0.999868 -0.070786
-0.315865 -0.948691 0.014670 4.883998 0.948733 -0.315993 -0.007392 13.014553 0.011648 0.011583 0.999865 -0.069569
-0.341989 -0.939586 0.014917 4.757720 0.939628 -0.342120 -0.007259 13.104063 0.011924 0.011534 0.999862 -0.068449
-0.380669 -0.924585 0.015280 4.560599 0.924629 -0.380803 -0.007047 13.239559 0.012335 0.011445 0.999858 -0.066694
-0.413805 -0.910232 0.015588 4.383675 0.910277 -0.413943 -0.006851 13.352684 0.012689 0.011355 0.999855 -0.065104
-0.441486 -0.897129 0.015844 4.233248 0.897175 -0.441626 -0.006676 13.435867 0.012986 0.011268 0.999852 -0.063733
-0.465154 -0.885084 0.016062 4.096358 0.885131 -0.465297 -0.006518 13.514752 0.013242 0.011185 0.999849 -0.062489
-0.498523 -0.866722 0.016366 3.892912 0.866770 -0.498669 -0.006281 13.626944 0.013605 0.011054 0.999846 -0.060633
-0.520658 -0.853605 0.016567 3.753201 0.853654 -0.520806 -0.006115 13.696509 0.013848 0.010958 0.999844 -0.059347
-0.553191 -0.832884 0.016859 3.537805 0.832933 -0.553343 -0.005856 13.795514 0.014206 0.010803 0.999840 -0.057351
-0.574441 -0.818369 0.017048 3.389026 0.818419 -0.574594 -0.005677 13.863200 0.014441 0.010692 0.999838 -0.055971
-0.606181 -0.795138 0.017329 3.158695 0.795190 -0.606337 -0.005394 13.961520 0.014796 0.010510 0.999835 -0.053824
-0.635024 -0.772292 0.017581 2.942415 0.772344 -0.635184 -0.005119 14.041387 0.015121 0.010327 0.999832 -0.051788
-0.658068 -0.752749 0.017780 2.753421 0.752801 -0.658230 -0.004887 14.113889 0.015382 0.010169 0.999830 -0.050014
-0.684365 -0.728917 0.018005 2.534984 0.728971 -0.684529 -0.004607 14.183596 0.015683 0.009972 0.999827 -0.047940
-0.706125 -0.707853 0.018189 2.349938 0.707908 -0.706292 -0.004362 14.232211 0.015934 0.009796 0.999825 -0.046167
-0.731343 -0.681762 0.018400 2.124522 0.681817 -0.731512 -0.004061 14.284115 0.016228 0.009576 0.999822 -0.043996
-0.751136 -0.659887 0.018563 1.930490 0.659943 -0.751306 -0.003810 14.330133 0.016461 0.009388 0.999820 -0.042129
-0.773419 -0.633619 0.018744 1.697719 0.633675 -0.773591 -0.003512 14.379045 0.016726 0.009161 0.999818 -0.039879
-0.791443 -0.610952 0.018888 1.496100 0.611009 -0.791617 -0.003257 14.418773 0.016942 0.008963 0.999816 -0.037926
-0.811200 -0.584460 0.019043 1.262630 0.584517 -0.811376 -0.002960 14.457156 0.017182 0.008730 0.999814 -0.035652
-0.827266 -0.561484 0.019168 1.057777 0.561543 -0.827444 -0.002705 14.488693 0.017379 0.008526 0.999812 -0.033654
-0.840356 -0.541693 0.019267 0.877178 0.541752 -0.840535 -0.002486 14.514757 0.017541 0.008348 0.999811 -0.031889
-0.858059 -0.513185 0.019399 0.603871 0.513244 -0.858240 -0.002173 14.555609 0.017764 0.008092 0.999809 -0.029221
-0.873397 -0.486618 0.019510 0.356355 0.486678 -0.873580 -0.001883 14.581336 0.017960 0.007850 0.999808 -0.026787
-0.884906 -0.465358 0.019591 0.149081 0.465419 -0.885089 -0.001652 14.602807 0.018108 0.007656 0.999807 -0.024748
-0.895753 -0.444118 0.019666 -0.093163 0.444179 -0.895937 -0.001422 14.638611 0.018251 0.007461 0.999805 -0.022383
-0.903915 -0.427257 0.019720 -0.310721 0.427318 -0.904101 -0.001241 14.677040 0.018359 0.007305 0.999805 -0.020268
-0.912370 -0.408889 0.019776 -0.554839 0.408950 -0.912556 -0.001044 14.718485 0.018473 0.007135 0.999804 -0.017893
-0.918611 -0.394667 0.019815 -0.767854 0.394728 -0.918798 -0.000891 14.757360 0.018558 0.007003 0.999803 -0.015825
-0.925037 -0.379358 0.019855 -1.019373 0.379419 -0.925225 -0.000728 14.804562 0.018647 0.006860 0.999802 -0.013384
-0.929261 -0.368890 0.019881 -1.224280 0.368951 -0.929449 -0.000617 14.849236 0.018706 0.006762 0.999802 -0.011407
-0.932065 -0.361743 0.019897 -1.409681 0.361805 -0.932254 -0.000541 14.896322 0.018745 0.006695 0.999802 -0.009627
-0.935061 -0.353926 0.019915 -1.684681 0.353988 -0.935250 -0.000458 14.974741 0.018787 0.006622 0.999801 -0.007002
-0.936570 -0.349915 0.019924 -1.934674 0.349977 -0.936759 -0.000415 15.056170 0.018809 0.006584 0.999801 -0.004632
-0.937401 -0.347681 0.019928 -2.123976 0.347742 -0.937590 -0.000392 15.120031 0.018821 0.006563 0.999801 -0.002841
-0.938114 -0.345752 0.019932 -2.428464 0.345814 -0.938303 -0.000371 15.229077 0.018831 0.006545 0.999801 0.000031
-0.937672 -0.346949 0.019930 -2.614184 0.347011 -0.937862 -0.000384 15.304814 0.018825 0.006556 0.999801 0.001767
-0.936555 -0.349954 0.019924 -2.865311 0.350015 -0.936744 -0.000416 15.413864 0.018809 0.006584 0.999801 0.004105
-0.935202 -0.353555 0.019916 -3.143710 0.353616 -0.935391 -0.000454 15.539712 0.018789 0.006618 0.999801 0.006689
-0.933897 -0.356987 0.019908 -3.326769 0.357049 -0.934086 -0.000490 15.626179 0.018771 0.006650 0.999801 0.008382
-0.931953 -0.362033 0.019897 -3.532509 0.362094 -0.932142 -0.000544 15.730700 0.018743 0.006698 0.999802 0.010273
-0.930035 -0.366933 0.019885 -3.810375 0.366995 -0.930223 -0.000596 15.864712 0.018717 0.006744 0.999802 0.012838
-0.928531 -0.370722 0.019876 -3.992015 0.370784 -0.928719 -0.000636 15.956452 0.018695 0.006779 0.999802 0.014508
-0.926633 -0.375443 0.019865 -4.241774 0.375504 -0.926821 -0.000686 16.081151 0.018669 0.006823 0.999802 0.016807
-0.924754 -0.380046 0.019853 -4.516034 0.380108 -0.924942 -0.000735 16.217310 0.018643 0.006866 0.999802 0.019333
-0.923603 -0.382837 0.019846 -4.698728 0.382899 -0.923791 -0.000765 16.307590 0.018627 0.006892 0.999803 0.021016
-0.922574 -0.385310 0.019840 -4.918058 0.385371 -0.922762 -0.000792 16.411976 0.018613 0.006916 0.999803 0.023044
-0.921278 -0.388400 0.019832 -5.198201 0.388461 -0.921465 -0.000825 16.547521 0.018595 0.006944 0.999803 0.025629
-0.920719 -0.389723 0.019829 -5.385307 0.389784 -0.920906 -0.000839 16.635659 0.018587 0.006957 0.999803 0.027360
-0.920634 -0.389923 0.019828 -5.646323 0.389984 -0.920822 -0.000841 16.751992 0.018586 0.006959 0.999803 0.029785
-0.920649 -0.389887 0.019828 -5.989284 0.389948 -0.920837 -0.000840 16.900496 0.018586 0.006958 0.999803 0.032978
-0.921713 -0.387365 0.019835 -6.165822 0.387426 -0.921901 -0.000813 16.967489 0.018601 0.006935 0.999803 0.034637
-0.923241 -0.383709 0.019844 -6.404065 0.383771 -0.923429 -0.000774 17.056129 0.018622 0.006901 0.999803 0.036878
-0.925355 -0.378583 0.019857 -6.686116 0.378644 -0.925543 -0.000720 17.156750 0.018651 0.006853 0.999802 0.039539
-0.927342 -0.373686 0.019869 -6.929639 0.373748 -0.927531 -0.000668 17.240155 0.018679 0.006807 0.999802 0.041841
-0.929605 -0.368021 0.019883 -7.231519 0.368082 -0.929794 -0.000607 17.341764 0.018710 0.006754 0.999802 0.044698
-0.931510 -0.363170 0.019894 -7.493882 0.363232 -0.931699 -0.000556 17.429196 0.018737 0.006708 0.999802 0.047183
-0.933863 -0.357077 0.019908 -7.794904 0.357139 -0.934052 -0.000491 17.526005 0.018770 0.006651 0.999801 0.050039
-0.935694 -0.352250 0.019919 -8.060927 0.352312 -0.935883 -0.000440 17.611937 0.018796 0.006606 0.999801 0.052562
-0.937913 -0.346297 0.019931 -8.374911 0.346359 -0.938102 -0.000377 17.710421 0.018828 0.006550 0.999801 0.055545
-0.939445 -0.342119 0.019940 -8.607754 0.342181 -0.939634 -0.000333 17.783475 0.018850 0.006510 0.999801 0.057758
-0.941429 -0.336622 0.019951 -8.965251 0.336684 -0.941618 -0.000275 17.897022 0.018879 0.006459 0.999801 0.061152
-0.942946 -0.332348 0.019959 -9.254433 0.332410 -0.943135 -0.000229 17.987731 0.018901 0.006418 0.999801 0.063899
-0.944887 -0.326789 0.019970 -9.582676 0.326851 -0.945076 -0.000171 18.086275 0.018929 0.006366 0.999800 0.067025
-0.946362 -0.322491 0.019978 -9.869678 0.322553 -0.946552 -0.000125 18.173146 0.018951 0.006325 0.999800 0.069757
-0.947472 -0.319215 0.019984 -10.122207 0.319277 -0.947662 -0.000091 18.250260 0.018967 0.006294 0.999800 0.072159
-0.948543 -0.316018 0.019989 -10.495479 0.316080 -0.948733 -0.000057 18.369051 0.018983 0.006264 0.999800 0.075703
-0.949121 -0.314278 0.019992 -10.841494 0.314340 -0.949311 -0.000039 18.482678 0.018991 0.006247 0.999800 0.078982
-0.950044 -0.311476 0.019997 -11.127613 0.311539 -0.950234 -0.000009 18.571101 0.019005 0.006221 0.999800 0.081703
-0.950886 -0.308896 0.020001 -11.478945 0.308958 -0.951076 0.000018 18.680860 0.019017 0.006196 0.999800 0.085041
-0.951177 -0.307996 0.020003 -11.791944 0.308058 -0.951368 0.000027 18.783524 0.019022 0.006188 0.999800 0.088008
-0.952255 -0.304648 0.020008 -12.162205 0.304710 -0.952446 0.000062 18.895359 0.019038 0.006156 0.999800 0.091532
-0.952790 -0.302970 0.020011 -12.472076 0.303032 -0.952981 0.000080 18.992775 0.019046 0.006140 0.999800 0.094476
-0.953578 -0.300479 0.020015 -12.850855 0.300541 -0.953769 0.000106 19.109671 0.019058 0.006117 0.999799 0.098078
-0.954160 -0.298626 0.020018 -13.172040 0.298688 -0.954351 0.000126 19.208788 0.019067 0.006099 0.999799 0.101132
-0.954689 -0.296931 0.020020 -13.560311 0.296993 -0.954880 0.000143 19.329860 0.019075 0.006083 0.999799 0.104822
-0.955396 -0.294647 0.020024 -13.892293 0.294710 -0.955587 0.000167 19.429602 0.019085 0.006061 0.999799 0.107983
-0.956367 -0.291481 0.020029 -14.276170 0.291543 -0.956558 0.000201 19.541740 0.019100 0.006031 0.999799 0.111643
-0.957244 -0.288589 0.020033 -14.597930 0.288651 -0.957435 0.000231 19.633903 0.019113 0.006004 0.999799 0.114714
-0.958168 -0.285505 0.020037 -14.998871 0.285567 -0.958359 0.000263 19.748930 0.019128 0.005974 0.999799 0.118541
-0.958953 -0.282856 0.020041 -15.307467 0.282918 -0.959144 0.000291 19.836333 0.019140 0.005949 0.999799 0.121487
-0.959998 -0.279289 0.020045 -15.702368 0.279351 -0.960189 0.000328 19.945499 0.019156 0.005915 0.999799 0.125263
-0.960674 -0.276954 0.020049 -16.042296 0.277017 -0.960865 0.000353 20.041087 0.019166 0.005893 0.999799 0.128510
-0.961601 -0.273717 0.020053 -16.453335 0.273780 -0.961793 0.000387 20.153506 0.019181 0.005862 0.999799 0.132441
-0.962431 -0.270786 0.020056 -16.793459 0.270849 -0.962622 0.000417 20.244564 0.019194 0.005834 0.999799 0.135698
-0.963100 -0.268395 0.020059 -17.086721 0.268457 -0.963292 0.000442 20.322768 0.019204 0.005811 0.999798 0.138506
-0.963833 -0.265751 0.020062 -17.529681 0.265814 -0.964025 0.000470 20.443067 0.019216 0.005786 0.999798 0.142744
-0.964530 -0.263211 0.020065 -17.932946 0.263273 -0.964722 0.000496 20.550878 0.019227 0.005761 0.999798 0.146605
-0.965092 -0.261143 0.020068 -18.291213 0.261205 -0.965284 0.000518 20.646384 0.019236 0.005742 0.999798 0.150036
-0.965677 -0.258971 0.020070 -18.701762 0.259033 -0.965869 0.000541 20.755745 0.019245 0.005721 0.999798 0.153967
-0.966297 -0.256646 0.020072 -19.044765 0.256709 -0.966489 0.000565 20.844302 0.019255 0.005698 0.999798 0.157256
-0.966844 -0.254579 0.020075 -19.469039 0.254642 -0.967036 0.000586 20.955514 0.019264 0.005679 0.999798 0.161322
-0.967215 -0.253166 0.020076 -19.935299 0.253229 -0.967407 0.000601 21.079981 0.019270 0.005665 0.999798 0.165787
-0.967461 -0.252222 0.020077 -20.236634 0.252285 -0.967653 0.000611 21.160055 0.019273 0.005656 0.999798 0.168673
-0.967707 -0.251276 0.020078 -20.594402 0.251339 -0.967899 0.000621 21.255267 0.019277 0.005647 0.999798 0.172099
-0.968017 -0.250082 0.020079 -21.068070 0.250144 -0.968209 0.000633 21.380761 0.019282 0.005636 0.999798 0.176636
-0.968277 -0.249072 0.020080 -21.383506 0.249135 -0.968469 0.000644 21.463319 0.019287 0.005626 0.999798 0.179659
-0.968644 -0.247640 0.020082 -21.814860 0.247702 -0.968836 0.000659 21.575116 0.019293 0.005612 0.999798 0.183794
-0.968658 -0.247585 0.020082 -22.305099 0.247647 -0.968850 0.000659 21.707616 0.019293 0.005612 0.999798 0.188486
-0.968628 -0.247702 0.020081 -22.627342 0.247765 -0.968820 0.000658 21.795254 0.019292 0.005613 0.999798 0.191569
-0.968506 -0.248178 0.020081 -22.948972 0.248241 -0.968698 0.000653 21.884037 0.019290 0.005617 0.999798 0.194644
-0.968463 -0.248349 0.020081 -23.480829 0.248412 -0.968655 0.000651 22.029203 0.019290 0.005619 0.999798 0.199731
-0.968413 -0.248544 0.020081 -23.797828 0.248607 -0.968605 0.000649 22.116355 0.019289 0.005621 0.999798 0.202763
-0.968424 -0.248497 0.020081 -24.268188 0.248560 -0.968617 0.000650 22.243427 0.019289 0.005620 0.999798 0.207264
-0.968105 -0.249740 0.020079 -24.770418 0.249803 -0.968297 0.000637 22.384593 0.019284 0.005632 0.999798 0.212062
-0.968137 -0.249614 0.020080 -24.989364 0.249676 -0.968329 0.000638 22.443922 0.019284 0.005631 0.999798 0.214157
-0.968434 -0.248460 0.020081 -25.486235 0.248523 -0.968626 0.000650 22.575166 0.019289 0.005620 0.999798 0.218917
-0.968308 -0.248952 0.020080 -25.990026 0.249014 -0.968500 0.000645 22.714057 0.019287 0.005625 0.999798 0.223733
-0.968417 -0.248526 0.020081 -26.320311 0.248589 -0.968609 0.000649 22.802603 0.019289 0.005621 0.999798 0.226895
-0.968735 -0.247282 0.020082 -26.669108 0.247345 -0.968928 0.000662 22.892448 0.019294 0.005609 0.999798 0.230240
-0.968915 -0.246577 0.020083 -27.321088 0.246640 -0.969107 0.000670 23.065690 0.019297 0.005602 0.999798 0.236484
-0.969057 -0.246021 0.020083 -27.667924 0.246083 -0.969249 0.000675 23.157234 0.019299 0.005597 0.999798 0.239807
-0.969239 -0.245301 0.020084 -28.063094 0.245364 -0.969431 0.000683 23.260852 0.019302 0.005590 0.999798 0.243594
-0.969242 -0.245289 0.020084 -28.564084 0.245352 -0.969434 0.000683 23.395547 0.019302 0.005590 0.999798 0.248390
-0.969220 -0.245374 0.020084 -28.911955 0.245437 -0.969413 0.000682 23.489203 0.019302 0.005590 0.999798 0.251719
-0.969155 -0.245632 0.020083 -29.389031 0.245694 -0.969347 0.000679 23.618253 0.019301 0.005593 0.999798 0.256285
-0.969139 -0.245697 0.020083 -29.895601 0.245759 -0.969331 0.000679 23.754693 0.019301 0.005594 0.999798 0.261133
-0.969092 -0.245882 0.020083 -30.237779 0.245945 -0.969284 0.000677 23.847390 0.019300 0.005595 0.999798 0.264407
-0.969089 -0.245893 0.020083 -30.633288 0.245956 -0.969281 0.000677 23.953797 0.019300 0.005595 0.999798 0.268193
-0.969077 -0.245941 0.020083 -31.158161 0.246004 -0.969269 0.000676 24.095097 0.019300 0.005596 0.999798 0.273217
-0.968915 -0.246579 0.020083 -31.501713 0.246641 -0.969107 0.000670 24.190016 0.019297 0.005602 0.999798 0.276501
-0.968880 -0.246715 0.020082 -31.958969 0.246778 -0.969072 0.000668 24.314213 0.019296 0.005603 0.999798 0.280876
-0.968950 -0.246439 0.020083 -32.478366 0.246502 -0.969142 0.000671 24.453435 0.019298 0.005601 0.999798 0.285849
-0.968784 -0.247090 0.020082 -32.834637 0.247153 -0.968977 0.000664 24.551899 0.019295 0.005607 0.999798 0.289255
-0.968450 -0.248397 0.020081 -33.220412 0.248460 -0.968642 0.000651 24.661314 0.019289 0.005619 0.999798 0.292938
-0.968343 -0.248815 0.020080 -33.720391 0.248877 -0.968535 0.000646 24.798966 0.019288 0.005623 0.999798 0.297719
-0.968141 -0.249600 0.020080 -34.051642 0.249662 -0.968333 0.000638 24.892194 0.019284 0.005631 0.999798 0.300883
-0.967886 -0.250586 0.020079 -34.506664 0.250649 -0.968078 0.000628 25.020283 0.019280 0.005640 0.999798 0.305230
-0.967819 -0.250844 0.020078 -35.018808 0.250906 -0.968012 0.000625 25.161531 0.019279 0.005643 0.999798 0.310126
-0.967508 -0.252043 0.020077 -35.345165 0.252106 -0.967700 0.000613 25.255626 0.019274 0.005654 0.999798 0.313240
-0.967215 -0.253165 0.020076 -35.735890 0.253228 -0.967407 0.000601 25.367643 0.019270 0.005665 0.999798 0.316969
-0.967192 -0.253252 0.020076 -36.238498 0.253314 -0.967384 0.000600 25.507195 0.019269 0.005666 0.999798 0.321773
-0.967061 -0.253754 0.020075 -36.569019 0.253816 -0.967252 0.000595 25.600683 0.019267 0.005671 0.999798 0.324930
-0.967163 -0.253361 0.020076 -37.038791 0.253424 -0.967355 0.000599 25.729413 0.019269 0.005667 0.999798 0.329422
-0.967461 -0.252222 0.020077 -37.514201 0.252285 -0.967653 0.000611 25.856922 0.019273 0.005656 0.999798 0.333974
-0.967354 -0.252633 0.020077 -37.854483 0.252696 -0.967546 0.000607 25.952359 0.019272 0.005660 0.999798 0.337225
-0.967763 -0.251061 0.020078 -38.251883 0.251124 -0.967955 0.000623 26.056243 0.019278 0.005645 0.999798 0.341033
-0.968222 -0.249287 0.020080 -38.754198 0.249349 -0.968414 0.000641 26.187234 0.019286 0.005628 0.999798 0.345848
-0.968479 -0.248284 0.020081 -39.090420 0.248347 -0.968671 0.000652 26.275082 0.019290 0.005618 0.999798 0.349070
-0.969015 -0.246186 0.020083 -39.538077 0.246249 -0.969207 0.000674 26.388532 0.019299 0.005598 0.999798 0.353366
-0.969643 -0.243699 0.020085 -40.041455 0.243762 -0.969835 0.000700 26.514357 0.019309 0.005574 0.999798 0.358200
-0.969800 -0.243074 0.020086 -40.266826 0.243137 -0.969992 0.000706 26.572201 0.019311 0.005568 0.999798 0.360362
-0.970176 -0.241566 0.020087 -40.761415 0.241629 -0.970369 0.000722 26.697876 0.019318 0.005554 0.999798 0.365108
-0.970758 -0.239219 0.020089 -41.274524 0.239282 -0.970950 0.000746 26.824386 0.019327 0.005531 0.999798 0.370037
-0.971137 -0.237676 0.020091 -41.628963 0.237739 -0.971329 0.000762 26.911348 0.019333 0.005516 0.999798 0.373443
-0.971560 -0.235939 0.020092 -41.970406 0.236002 -0.971752 0.000780 26.993500 0.019340 0.005500 0.999798 0.376727
-0.972368 -0.232588 0.020095 -42.612174 0.232651 -0.972560 0.000815 27.145608 0.019354 0.005468 0.999798 0.382903
-0.972713 -0.231141 0.020096 -42.960514 0.231204 -0.972905 0.000830 27.228764 0.019360 0.005454 0.999798 0.386254
-0.973138 -0.229346 0.020097 -43.347309 0.229409 -0.973330 0.000849 27.319769 0.019367 0.005436 0.999797 0.389977
-0.973868 -0.226226 0.020100 -43.869461 0.226289 -0.974060 0.000881 27.438697 0.019379 0.005406 0.999797 0.395009
-0.974096 -0.225243 0.020100 -44.203784 0.225306 -0.974288 0.000891 27.517702 0.019383 0.005397 0.999797 0.398227
-0.974482 -0.223565 0.020102 -44.553203 0.223628 -0.974674 0.000909 27.597610 0.019389 0.005381 0.999797 0.401594
-0.975260 -0.220146 0.020104 -45.196190 0.220209 -0.975452 0.000944 27.741228 0.019403 0.005348 0.999797 0.407795
-0.975500 -0.219078 0.020105 -45.531015 0.219141 -0.975693 0.000955 27.817918 0.019407 0.005337 0.999797 0.411021
-0.976009 -0.216799 0.020106 -45.892095 0.216862 -0.976202 0.000979 27.895902 0.019415 0.005315 0.999797 0.414508
-0.976188 -0.215993 0.020107 -46.394806 0.216056 -0.976381 0.000987 28.011835 0.019418 0.005308 0.999797 0.419351
-0.976128 -0.216267 0.020106 -46.706070 0.216330 -0.976320 0.000984 28.086241 0.019417 0.005310 0.999797 0.422345
-0.975595 -0.218656 0.020105 -47.161169 0.218719 -0.975788 0.000959 28.202883 0.019408 0.005333 0.999797 0.426710
-0.975034 -0.221144 0.020103 -47.629678 0.221207 -0.975227 0.000934 28.324304 0.019399 0.005357 0.999797 0.431202
-0.974623 -0.222951 0.020102 -47.955301 0.223014 -0.974815 0.000915 28.409643 0.019392 0.005375 0.999797 0.434323
-0.974270 -0.224489 0.020101 -48.318879 0.224552 -0.974462 0.000899 28.503962 0.019386 0.005390 0.999797 0.437808
-0.973717 -0.226873 0.020099 -48.820044 0.226936 -0.973910 0.000874 28.635695 0.019376 0.005413 0.999797 0.442610
-0.973339 -0.228490 0.020098 -49.095051 0.228553 -0.973531 0.000858 28.709828 0.019370 0.005428 0.999797 0.445242
-0.972804 -0.230759 0.020096 -49.590496 0.230821 -0.972996 0.000834 28.842117 0.019361 0.005450 0.999797 0.449986
-0.972332 -0.232740 0.020095 -50.069057 0.232803 -0.972524 0.000813 28.970375 0.019353 0.005469 0.999798 0.454568
-0.972237 -0.233134 0.020094 -50.280747 0.233197 -0.972429 0.000809 29.025639 0.019352 0.005473 0.999798 0.456597
-0.972141 -0.233533 0.020094 -50.765974 0.233596 -0.972334 0.000805 29.150792 0.019350 0.005477 0.999798 0.461250
-0.971805 -0.234931 0.020093 -51.259813 0.234994 -0.971997 0.000791 29.282086 0.019344 0.005490 0.999798 0.465979
-0.971612 -0.235727 0.020092 -51.577812 0.235790 -0.971804 0.000782 29.366722 0.019341 0.005498 0.999798 0.469025
-0.971529 -0.236068 0.020092 -51.891469 0.236131 -0.971721 0.000779 29.448847 0.019340 0.005501 0.999798 0.472031
-0.971321 -0.236923 0.020091 -52.497963 0.236986 -0.971513 0.000770 29.608374 0.019336 0.005509 0.999798 0.477842
-0.970798 -0.239055 0.020089 -52.827493 0.239118 -0.970990 0.000748 29.701586 0.019328 0.005530 0.999798 0.480989
-0.970418 -0.240594 0.020088 -53.191614 0.240657 -0.970610 0.000732 29.802612 0.019322 0.005545 0.999798 0.484469
-0.970285 -0.241131 0.020088 -53.673373 0.241194 -0.970477 0.000726 29.931236 0.019319 0.005550 0.999798 0.489082
-0.969956 -0.242452 0.020086 -53.998787 0.242515 -0.970148 0.000713 30.021833 0.019314 0.005562 0.999798 0.492192
-0.969241 -0.245294 0.020084 -54.449035 0.245357 -0.969433 0.000683 30.151852 0.019302 0.005590 0.999798 0.496487
-0.968380 -0.248672 0.020081 -54.950160 0.248735 -0.968572 0.000648 30.299112 0.019288 0.005622 0.999798 0.501264
-0.968086 -0.249813 0.020079 -55.143079 0.249876 -0.968278 0.000636 30.355890 0.019284 0.005633 0.999798 0.503103
-0.967301 -0.252835 0.020076 -55.707235 0.252898 -0.967493 0.000604 30.521610 0.019271 0.005662 0.999798 0.508481
-0.966537 -0.255741 0.020073 -56.123590 0.255804 -0.966729 0.000574 30.647749 0.019259 0.005690 0.999798 0.512444
-0.966138 -0.257244 0.020072 -56.454324 0.257307 -0.966330 0.000559 30.745785 0.019252 0.005704 0.999798 0.515595
-0.965229 -0.260634 0.020068 -56.887616 0.260697 -0.965421 0.000523 30.880792 0.019238 0.005737 0.999798 0.519713
-0.964282 -0.264118 0.020064 -57.367210 0.264181 -0.964473 0.000487 31.030997 0.019223 0.005770 0.999798 0.524270
-0.963655 -0.266395 0.020062 -57.683320 0.266458 -0.963847 0.000463 31.131031 0.019213 0.005792 0.999798 0.527272
-0.962926 -0.269018 0.020058 -58.044944 0.269081 -0.963118 0.000436 31.246524 0.019201 0.005817 0.999799 0.530704
-0.962050 -0.272138 0.020055 -58.519471 0.272200 -0.962241 0.000403 31.398346 0.019188 0.005847 0.999799 0.535208
-0.961519 -0.274006 0.020052 -58.830395 0.274069 -0.961710 0.000384 31.498169 0.019179 0.005864 0.999799 0.538158
-0.960480 -0.277626 0.020048 -59.257430 0.277689 -0.960671 0.000346 31.640390 0.019163 0.005899 0.999799 0.542202
-0.959381 -0.281401 0.020043 -59.726689 0.281464 -0.959572 0.000306 31.797914 0.019146 0.005935 0.999799 0.546644
-0.958785 -0.283425 0.020040 -60.038926 0.283487 -0.958976 0.000285 31.901946 0.019137 0.005954 0.999799 0.549601
-0.958222 -0.285324 0.020037 -60.399481 0.285386 -0.958413 0.000265 32.021273 0.019128 0.005972 0.999799 0.553017
-0.957364 -0.288189 0.020033 -60.858656 0.288251 -0.957555 0.000235 32.176194 0.019115 0.006000 0.999799 0.557362
-0.956709 -0.290356 0.020030 -61.172859 0.290418 -0.956900 0.000212 32.283925 0.019105 0.006020 0.999799 0.560332
-0.956118 -0.292299 0.020027 -61.485752 0.292361 -0.956308 0.000192 32.391144 0.019096 0.006039 0.999799 0.563291
-0.955105 -0.295590 0.020023 -62.062666 0.295652 -0.955296 0.000157 32.589587 0.019081 0.006070 0.999799 0.568744
-0.954503 -0.297529 0.020020 -62.382507 0.297592 -0.954693 0.000137 32.700989 0.019072 0.006089 0.999799 0.571765
-0.954511 -0.297505 0.020020 -62.766220 0.297568 -0.954701 0.000137 32.826375 0.019072 0.006088 0.999799 0.575403
-0.954203 -0.298491 0.020018 -63.211561 0.298553 -0.954393 0.000127 32.976187 0.019067 0.006098 0.999799 0.579617
-0.953693 -0.300116 0.020016 -63.522663 0.300178 -0.953883 0.000110 33.084614 0.019060 0.006113 0.999799 0.582556
-0.953279 -0.301429 0.020014 -63.946655 0.301491 -0.953469 0.000096 33.229789 0.019053 0.006126 0.999800 0.586565
-0.953184 -0.301729 0.020013 -64.421253 0.301791 -0.953374 0.000093 33.388434 0.019052 0.006128 0.999800 0.591058
-0.952870 -0.302719 0.020012 -64.623502 0.302781 -0.953060 0.000083 33.459358 0.019047 0.006138 0.999800 0.592968
-0.952233 -0.304719 0.020008 -65.094402 0.304781 -0.952423 0.000062 33.624186 0.019038 0.006157 0.999800 0.597414
-0.951991 -0.305472 0.020007 -65.575275 0.305534 -0.952181 0.000054 33.788631 0.019034 0.006164 0.999800 0.601961
-0.952041 -0.305316 0.020007 -65.884405 0.305378 -0.952231 0.000055 33.891960 0.019035 0.006162 0.999800 0.604888
-0.951933 -0.305654 0.020007 -66.319916 0.305717 -0.952123 0.000052 34.039657 0.019033 0.006166 0.999800 0.609008
-0.951994 -0.305463 0.020007 -66.807034 0.305525 -0.952184 0.000054 34.202721 0.019034 0.006164 0.999800 0.613620
-0.952311 -0.304474 0.020009 -67.135626 0.304536 -0.952501 0.000064 34.309382 0.019039 0.006155 0.999800 0.616736
-0.952535 -0.303773 0.020010 -67.461287 0.303835 -0.952725 0.000072 34.415728 0.019042 0.006148 0.999800 0.619823
-0.952728 -0.303165 0.020011 -67.943343 0.303227 -0.952918 0.000078 34.574092 0.019045 0.006142 0.999800 0.624392
-0.953307 -0.301341 0.020014 -68.339543 0.301403 -0.953497 0.000097 34.699121 0.019054 0.006125 0.999800 0.628155
-0.953771 -0.299868 0.020016 -68.725862 0.299931 -0.953961 0.000113 34.821305 0.019061 0.006111 0.999799 0.631824
-0.954663 -0.297015 0.020020 -69.171695 0.297078 -0.954853 0.000143 34.957467 0.019074 0.006084 0.999799 0.636065
-0.955248 -0.295129 0.020023 -69.522348 0.295192 -0.955438 0.000162 35.064627 0.019083 0.006066 0.999799 0.639401
-0.956541 -0.290912 0.020029 -69.845940 0.290974 -0.956731 0.000207 35.152842 0.019103 0.006026 0.999799 0.642497
-0.957412 -0.288029 0.020034 -70.331682 0.288092 -0.957603 0.000237 35.296880 0.019116 0.005998 0.999799 0.647125
-0.958307 -0.285039 0.020038 -70.635205 0.285102 -0.958497 0.000268 35.380981 0.019130 0.005970 0.999799 0.650026
-0.959576 -0.280737 0.020044 -71.077100 0.280800 -0.959766 0.000313 35.502439 0.019149 0.005929 0.999799 0.654252
