1.000000 0.000000 0.000000 0.000000 0.000000 1.000000 0.000000 0.000000 0.000000 0.000000 1.000000 0.000000
0.999997 0.002271 -0.000004 0.000062 -0.002271 0.999997 0.000023 -0.007758 0.000004 -0.000023 1.000000 0.000012
0.999998 0.002076 -0.000003 0.000029 -0.002076 0.999998 0.000021 -0.007085 0.000003 -0.000021 1.000000 0.000011
0.999998 0.001906 -0.000003 -0.000036 -0.001906 0.999998 0.000019 -0.006501 0.000003 -0.000019 1.000000 0.000011
1.000000 0.000829 -0.000001 0.032182 -0.000829 1.000000 0.000008 -0.003988 0.000001 -0.000008 1.000000 -0.000315
0.999999 0.001154 -0.000002 0.094109 -0.001154 0.999999 0.000012 -0.006869 0.000002 -0.000012 1.000000 -0.000930
1.000000 0.000620 -0.000001 0.136873 -0.000620 1.000000 0.000006 -0.006068 0.000001 -0.000006 1.000000 -0.001359
1.000000 -0.000262 0.000000 0.192942 0.000262 1.000000 -0.000003 -0.004198 -0.000000 0.000003 1.000000 -0.001923
0.999998 -0.001940 0.000003 0.282093 0.001940 0.999998 -0.000019 -0.000185 -0.000003 0.000019 1.000000 -0.002821
0.999995 -0.003072 0.000005 0.335912 0.003072 0.999995 -0.000031 0.002681 -0.000005 0.000031 1.000000 -0.003364
0.999985 -0.005413 0.000009 0.443939 0.005413 0.999985 -0.000054 0.008978 -0.000008 0.000054 1.000000 -0.004454
0.999956 -0.009338 0.000015 0.571455 0.009338 0.999956 -0.000093 0.020891 -0.000014 0.000093 1.000000 -0.005748
0.999931 -0.011702 0.000019 0.635925 0.011702 0.999931 -0.000117 0.028502 -0.000018 0.000117 1.000000 -0.006405
0.999850 -0.017300 0.000029 0.777093 0.017300 0.999850 -0.000173 0.046871 -0.000026 0.000173 1.000000 -0.007846
0.999706 -0.024243 0.000042 0.930139 0.024243 0.999706 -0.000242 0.070627 -0.000036 0.000243 1.000000 -0.009414
0.999572 -0.029248 0.000051 1.034485 0.029248 0.999572 -0.000292 0.088376 -0.000042 0.000293 1.000000 -0.010486
0.999395 -0.034774 0.000061 1.145421 0.034774 0.999395 -0.000347 0.108501 -0.000049 0.000349 1.000000 -0.011627
0.998998 -0.044739 0.000081 1.339146 0.044739 0.998998 -0.000446 0.146019 -0.000061 0.000449 1.000000 -0.013624
0.998747 -0.050030 0.000092 1.434806 0.050030 0.998747 -0.000498 0.166871 -0.000067 0.000502 1.000000 -0.014614
0.998329 -0.057773 0.000109 1.576458 0.057773 0.998329 -0.000575 0.197825 -0.000075 0.000580 1.000000 -0.016080
0.997509 -0.070538 0.000137 1.784538 0.070538 0.997509 -0.000701 0.251168 -0.000087 0.000709 1.000000 -0.018246
0.996962 -0.077890 0.000154 1.889981 0.077890 0.996961 -0.000774 0.282516 -0.000094 0.000784 1.000000 -0.019350
0.996302 -0.085920 0.000174 1.991534 0.085921 0.996301 -0.000853 0.317012 -0.000100 0.000865 1.000000 -0.020421
0.995003 -0.099840 0.000209 2.147860 0.099840 0.995003 -0.000990 0.377677 -0.000109 0.001006 1.000000 -0.022081
0.994154 -0.107967 0.000230 2.241811 0.107967 0.994154 -0.001070 0.414109 -0.000113 0.001089 0.999999 -0.023078
0.992470 -0.122485 0.000270 2.409409 0.122485 0.992469 -0.001213 0.481353 -0.000120 0.001237 0.999999 -0.024862
0.990429 -0.138017 0.000316 2.596298 0.138017 0.990429 -0.001365 0.556247 -0.000124 0.001395 0.999999 -0.026850
0.988847 -0.148935 0.000349 2.727040 0.148936 0.988846 -0.001472 0.610697 -0.000126 0.001507 0.999999 -0.028244
0.986720 -0.162430 0.000392 2.887162 0.162431 0.986718 -0.001603 0.679370 -0.000126 0.001646 0.999999 -0.029955
0.983523 -0.180779 0.000453 3.101666 0.180779 0.983522 -0.001782 0.776645 -0.000123 0.001834 0.999998 -0.032255
0.980971 -0.194150 0.000500 3.246325 0.194150 0.980970 -0.001911 0.848502 -0.000119 0.001972 0.999998 -0.033816
0.976930 -0.213556 0.000571 3.447480 0.213557 0.976928 -0.002099 0.955419 -0.000109 0.002172 0.999998 -0.035998
0.971312 -0.237807 0.000666 3.673386 0.237808 0.971309 -0.002332 1.089625 -0.000092 0.002424 0.999997 -0.038471
0.968807 -0.247812 0.000707 3.771027 0.247813 0.968805 -0.002429 1.147577 -0.000083 0.002528 0.999997 -0.039539
0.962243 -0.272189 0.000811 3.990022 0.272190 0.962239 -0.002662 1.290196 -0.000056 0.002782 0.999996 -0.041956
0.954307 -0.298825 0.000933 4.254304 0.298827 0.954303 -0.002916 1.463188 -0.000019 0.003061 0.999995 -0.044875
0.948474 -0.316853 0.001020 4.436087 0.316855 0.948469 -0.003087 1.584850 0.000011 0.003251 0.999995 -0.046887
0.942968 -0.332879 0.001100 4.612070 0.332881 0.942963 -0.003238 1.699947 0.000040 0.003420 0.999994 -0.048830
0.932088 -0.362229 0.001256 4.937234 0.362231 0.932081 -0.003514 1.922422 0.000102 0.003731 0.999993 -0.052436
0.926468 -0.376371 0.001335 5.039777 0.376374 0.926460 -0.003647 2.014163 0.000136 0.003881 0.999993 -0.053607
0.914517 -0.404545 0.001499 5.263012 0.404547 0.914508 -0.003909 2.215703 0.000211 0.004182 0.999991 -0.056161
0.900096 -0.435687 0.001693 5.506000 0.435690 0.900087 -0.004198 2.450435 0.000305 0.004516 0.999990 -0.058965
0.890568 -0.454845 0.001819 5.665849 0.454848 0.890558 -0.004374 2.606261 0.000370 0.004723 0.999989 -0.060811
0.881576 -0.472038 0.001936 5.850445 0.472042 0.881564 -0.004532 2.769078 0.000432 0.004909 0.999988 -0.062917
0.864303 -0.502966 0.002158 6.201663 0.502970 0.864290 -0.004814 3.089171 0.000556 0.005246 0.999986 -0.066939
0.856270 -0.516522 0.002260 6.252655 0.516527 0.856256 -0.004937 3.183840 0.000615 0.005394 0.999985 -0.067599
0.838766 -0.544486 0.002480 6.419803 0.544492 0.838750 -0.005188 3.416902 0.000745 0.005702 0.999983 -0.069642
0.824453 -0.565924 0.002657 6.650348 0.565930 0.824436 -0.005380 3.662815 0.000854 0.005939 0.999982 -0.072339
0.815857 -0.578246 0.002762 6.791320 0.578252 0.815840 -0.005489 3.816332 0.000921 0.006076 0.999981 -0.073994
0.802481 -0.596669 0.002926 6.957001 0.596675 0.802462 -0.005652 4.019911 0.001025 0.006282 0.999980 -0.075975
0.779978 -0.625798 0.003197 7.185355 0.625805 0.779957 -0.005908 4.344965 0.001204 0.006609 0.999977 -0.078776
0.771177 -0.636611 0.003302 7.231151 0.636618 0.771155 -0.006002 4.441486 0.001274 0.006731 0.999977 -0.079388
0.750465 -0.660901 0.003548 7.377813 0.660909 0.750440 -0.006212 4.701835 0.001443 0.007007 0.999974 -0.081269
0.729405 -0.684071 0.003796 7.535182 0.684080 0.729379 -0.006410 4.978072 0.001617 0.007272 0.999972 -0.083283
0.717142 -0.696915 0.003939 7.629748 0.696924 0.717115 -0.006519 5.146484 0.001719 0.007420 0.999971 -0.084497
0.696451 -0.717591 0.004178 7.783133 0.717601 0.696422 -0.006693 5.423231 0.001893 0.007660 0.999969 -0.086471
0.677507 -0.735502 0.004396 7.923100 0.735512 0.677476 -0.006842 5.680166 0.002054 0.007869 0.999967 -0.088280
0.664968 -0.746858 0.004540 8.000827 0.746868 0.664935 -0.006935 5.840077 0.002161 0.008002 0.999966 -0.089312
0.651747 -0.758422 0.004691 8.072355 0.758433 0.651713 -0.007030 5.997926 0.002275 0.008139 0.999964 -0.090279
0.634948 -0.772539 0.004881 8.172333 0.772551 0.634912 -0.007144 6.217126 0.002420 0.008307 0.999963 -0.091628
0.625104 -0.780525 0.004992 8.230871 0.780537 0.625067 -0.007209 6.351678 0.002506 0.008403 0.999962 -0.092428
0.612271 -0.790631 0.005137 8.290519 0.790643 0.612234 -0.007289 6.503642 0.002618 0.008524 0.999960 -0.093266
0.591788 -0.806076 0.005366 8.390852 0.806089 0.591748 -0.007411 6.764969 0.002798 0.008711 0.999958 -0.094686
0.581616 -0.813444 0.005480 8.433957 0.813458 0.581576 -0.007468 6.886550 0.002888 0.008801 0.999957 -0.095310
0.570957 -0.820960 0.005598 8.477567 0.820974 0.570916 -0.007527 7.010780 0.002983 0.008893 0.999956 -0.095944
0.557453 -0.830188 0.005748 8.535462 0.830202 0.557410 -0.007597 7.178232 0.003103 0.009007 0.999955 -0.096790
0.550004 -0.835141 0.005830 8.568370 0.835155 0.549961 -0.007635 7.276278 0.003170 0.009068 0.999954 -0.097275
0.537915 -0.842977 0.005964 8.614752 0.842992 0.537871 -0.007694 7.426523 0.003278 0.009166 0.999953 -0.097978
0.525813 -0.850578 0.006097 8.651355 0.850593 0.525767 -0.007751 7.573197 0.003387 0.009261 0.999951 -0.098578
0.520405 -0.853897 0.006156 8.665079 0.853912 0.520358 -0.007776 7.636991 0.003436 0.009303 0.999951 -0.098817
0.508419 -0.861087 0.006287 8.698482 0.861102 0.508371 -0.007828 7.782263 0.003545 0.009394 0.999950 -0.099382
0.492451 -0.870316 0.006462 8.725242 0.870332 0.492402 -0.007895 7.952578 0.003690 0.009512 0.999948 -0.099921
0.481916 -0.876192 0.006576 8.736681 0.876209 0.481865 -0.007937 8.054873 0.003786 0.009587 0.999947 -0.100198
0.466864 -0.884303 0.006740 8.746185 0.884320 0.466812 -0.007994 8.188916 0.003923 0.009693 0.999945 -0.100507
0.450857 -0.892569 0.006913 8.749812 0.892586 0.450804 -0.008051 8.318091 0.004070 0.009801 0.999944 -0.100749
0.443940 -0.896029 0.006988 8.747440 0.896047 0.443886 -0.008075 8.365376 0.004134 0.009846 0.999943 -0.100801
0.429052 -0.903251 0.007148 8.738672 0.903270 0.428996 -0.008124 8.468830 0.004271 0.009942 0.999941 -0.100878
0.412356 -0.910993 0.007328 8.720300 0.911012 0.412299 -0.008174 8.567143 0.004426 0.010046 0.999940 -0.100851
0.403952 -0.914750 0.007418 8.711118 0.914769 0.403894 -0.008199 8.620437 0.004504 0.010097 0.999939 -0.100844
0.393578 -0.919260 0.007528 8.695331 0.919279 0.393519 -0.008227 8.679926 0.004600 0.010159 0.999938 -0.100780
0.376955 -0.926199 0.007706 8.667853 0.926219 0.376895 -0.008270 8.778892 0.004756 0.010255 0.999936 -0.100663
0.368710 -0.929511 0.007794 8.653712 0.929531 0.368649 -0.008290 8.831337 0.004833 0.010301 0.999935 -0.100605
0.358347 -0.933555 0.007904 8.638301 0.933575 0.358284 -0.008314 8.906443 0.004930 0.010358 0.999934 -0.100571
0.344881 -0.938611 0.008046 8.615549 0.938632 0.344818 -0.008343 8.995052 0.005056 0.010430 0.999933 -0.100485
0.336012 -0.941822 0.008140 8.601074 0.941843 0.335947 -0.008361 9.054907 0.005140 0.010476 0.999932 -0.100435
0.323856 -0.946070 0.008268 8.578831 0.946091 0.323790 -0.008384 9.127697 0.005255 0.010538 0.999931 -0.100329
0.311618 -0.950170 0.008397 8.559890 0.950192 0.311551 -0.008406 9.208918 0.005371 0.010598 0.999929 -0.100269
0.307271 -0.951584 0.008443 8.555960 0.951606 0.307204 -0.008413 9.241574 0.005412 0.010620 0.999929 -0.100281
0.300868 -0.953627 0.008510 8.546445 0.953650 0.300800 -0.008423 9.278003 0.005473 0.010650 0.999928 -0.100244
0.291577 -0.956508 0.008608 8.531435 0.956531 0.291508 -0.008437 9.324650 0.005561 0.010694 0.999927 -0.100168
0.288459 -0.957453 0.008641 8.526227 0.957476 0.288390 -0.008442 9.341766 0.005591 0.010708 0.999927 -0.100143
0.287434 -0.957761 0.008651 8.520428 0.957784 0.287365 -0.008443 9.323674 0.005600 0.010713 0.999927 -0.100057
0.287461 -0.957753 0.008651 8.516536 0.957776 0.287391 -0.008443 9.319757 0.005600 0.010713 0.999927 -0.100011
0.287765 -0.957661 0.008648 8.515246 0.957684 0.287696 -0.008443 9.327860 0.005597 0.010711 0.999927 -0.100012
0.287438 -0.957760 0.008651 8.514200 0.957783 0.287368 -0.008443 9.342223 0.005600 0.010713 0.999927 -0.100024
0.287875 -0.957628 0.008647 8.516547 0.957651 0.287806 -0.008443 9.359618 0.005596 0.010711 0.999927 -0.100075
0.287694 -0.957683 0.008649 8.517906 0.957706 0.287625 -0.008443 9.372302 0.005598 0.010712 0.999927 -0.100109
0.287905 -0.957619 0.008646 8.518232 0.957642 0.287836 -0.008443 9.383162 0.005596 0.010711 0.999927 -0.100129
0.287748 -0.957666 0.008648 8.519582 0.957689 0.287679 -0.008443 9.400052 0.005597 0.010711 0.999927 -0.100170
0.287848 -0.957636 0.008647 8.521215 0.957659 0.287779 -0.008443 9.411509 0.005597 0.010711 0.999927 -0.100204
0.287927 -0.957613 0.008646 8.522284 0.957636 0.287858 -0.008442 9.420048 0.005596 0.010711 0.999927 -0.100229
0.287987 -0.957595 0.008645 8.524843 0.957618 0.287917 -0.008442 9.438421 0.005595 0.010710 0.999927 -0.100284
0.288062 -0.957572 0.008645 8.526029 0.957595 0.287993 -0.008442 9.446160 0.005595 0.010710 0.999927 -0.100308
0.288029 -0.957582 0.008645 8.526871 0.957605 0.287959 -0.008442 9.453401 0.005595 0.010710 0.999927 -0.100328
0.288132 -0.957551 0.008644 8.528367 0.957574 0.288063 -0.008442 9.462686 0.005594 0.010710 0.999927 -0.100357
0.288156 -0.957544 0.008644 8.529511 0.957567 0.288087 -0.008442 9.469356 0.005594 0.010710 0.999927 -0.100380
0.288279 -0.957507 0.008642 8.530585 0.957530 0.288210 -0.008442 9.474377 0.005592 0.010709 0.999927 -0.100398
0.288380 -0.957477 0.008641 8.532670 0.957499 0.288311 -0.008442 9.484917 0.005591 0.010709 0.999927 -0.100436
0.288392 -0.957473 0.008641 8.533654 0.957496 0.288323 -0.008442 9.489494 0.005591 0.010709 0.999927 -0.100453
0.288440 -0.957459 0.008641 8.534186 0.957481 0.288371 -0.008442 9.493185 0.005591 0.010708 0.999927 -0.100464
0.288443 -0.957457 0.008641 8.535220 0.957480 0.288374 -0.008442 9.499004 0.005591 0.010708 0.999927 -0.100484
0.288451 -0.957455 0.008641 8.536014 0.957478 0.288381 -0.008442 9.502861 0.005591 0.010708 0.999927 -0.100498
0.288584 -0.957415 0.008639 8.537383 0.957438 0.288514 -0.008442 9.507558 0.005590 0.010708 0.999927 -0.100519
0.288733 -0.957370 0.008638 8.538750 0.957393 0.288664 -0.008441 9.511726 0.005588 0.010707 0.999927 -0.100539
0.288754 -0.957364 0.008637 8.539458 0.957387 0.288685 -0.008441 9.514419 0.005588 0.010707 0.999927 -0.100551
0.288815 -0.957346 0.008637 8.540092 0.957368 0.288746 -0.008441 9.516788 0.005587 0.010707 0.999927 -0.100561
0.288912 -0.957316 0.008636 8.541093 0.957339 0.288842 -0.008441 9.519898 0.005586 0.010706 0.999927 -0.100576
0.288869 -0.957329 0.008636 8.541463 0.957352 0.288800 -0.008441 9.522208 0.005587 0.010706 0.999927 -0.100583
0.288904 -0.957319 0.008636 8.542297 0.957342 0.288835 -0.008441 9.525045 0.005586 0.010706 0.999927 -0.100596
0.288920 -0.957314 0.008636 8.542984 0.957337 0.288851 -0.008441 9.527673 0.005586 0.010706 0.999927 -0.100607
0.288955 -0.957303 0.008635 8.543457 0.957326 0.288886 -0.008441 9.529225 0.005586 0.010706 0.999927 -0.100614
0.288969 -0.957299 0.008635 8.543827 0.957322 0.288900 -0.008441 9.530589 0.005586 0.010706 0.999927 -0.100620
0.288963 -0.957301 0.008635 8.544320 0.957324 0.288893 -0.008441 9.532662 0.005586 0.010706 0.999927 -0.100628
0.288969 -0.957299 0.008635 8.544869 0.957322 0.288900 -0.008441 9.534642 0.005586 0.010706 0.999927 -0.100637
0.288995 -0.957291 0.008635 8.545253 0.957314 0.288925 -0.008441 9.535761 0.005586 0.010706 0.999927 -0.100643
0.289006 -0.957288 0.008635 8.545707 0.957311 0.288937 -0.008441 9.537303 0.005586 0.010706 0.999927 -0.100650
0.288935 -0.957309 0.008636 8.545728 0.957332 0.288865 -0.008441 9.538339 0.005586 0.010706 0.999927 -0.100652
0.288906 -0.957318 0.008636 8.545990 0.957341 0.288837 -0.008441 9.539684 0.005586 0.010706 0.999927 -0.100656
0.288948 -0.957305 0.008635 8.546336 0.957328 0.288879 -0.008441 9.540375 0.005586 0.010706 0.999927 -0.100661
0.288975 -0.957297 0.008635 8.546806 0.957320 0.288906 -0.008441 9.541632 0.005586 0.010706 0.999927 -0.100668
0.288981 -0.957295 0.008635 8.547020 0.957318 0.288912 -0.008441 9.542308 0.005586 0.010706 0.999927 -0.100671
0.289034 -0.957280 0.008635 8.547526 0.957302 0.288964 -0.008441 9.543360 0.005585 0.010706 0.999927 -0.100678
0.289045 -0.957276 0.008634 8.547873 0.957299 0.288976 -0.008441 9.544349 0.005585 0.010706 0.999927 -0.100683
0.289014 -0.957285 0.008635 8.547941 0.957308 0.288945 -0.008441 9.544979 0.005585 0.010706 0.999927 -0.100684
0.288974 -0.957298 0.008635 8.547955 0.957320 0.288905 -0.008441 9.545527 0.005586 0.010706 0.999927 -0.100685
0.288911 -0.957317 0.008636 8.547919 0.957340 0.288842 -0.008441 9.546186 0.005586 0.010706 0.999927 -0.100686
0.288896 -0.957321 0.008636 8.548084 0.957344 0.288827 -0.008441 9.546900 0.005587 0.010706 0.999927 -0.100689
0.288824 -0.957343 0.008637 8.548046 0.957366 0.288755 -0.008441 9.547643 0.005587 0.010707 0.999927 -0.100690
0.288830 -0.957341 0.008637 8.548187 0.957364 0.288761 -0.008441 9.548040 0.005587 0.010707 0.999927 -0.100692
0.288743 -0.957367 0.008638 8.548029 0.957390 0.288674 -0.008441 9.548573 0.005588 0.010707 0.999927 -0.100691
0.288749 -0.957365 0.008638 8.548209 0.957388 0.288680 -0.008441 9.549086 0.005588 0.010707 0.999927 -0.100693
0.288770 -0.957359 0.008637 8.548388 0.957382 0.288701 -0.008441 9.549417 0.005588 0.010707 0.999927 -0.100696
0.288714 -0.957376 0.008638 8.548380 0.957399 0.288645 -0.008441 9.550025 0.005588 0.010707 0.999927 -0.100697
0.288658 -0.957393 0.008638 8.548348 0.957416 0.288589 -0.008441 9.550599 0.005589 0.010707 0.999927 -0.100697
0.288671 -0.957389 0.008638 8.548477 0.957412 0.288602 -0.008441 9.550853 0.005589 0.010707 0.999927 -0.100699
0.288650 -0.957395 0.008639 8.548520 0.957418 0.288581 -0.008441 9.551213 0.005589 0.010707 0.999927 -0.100700
0.288672 -0.957389 0.008638 8.548710 0.957412 0.288603 -0.008441 9.551567 0.005589 0.010707 0.999927 -0.100702
0.288731 -0.957371 0.008638 8.549032 0.957394 0.288662 -0.008441 9.551864 0.005588 0.010707 0.999927 -0.100706
0.288736 -0.957369 0.008638 8.549115 0.957392 0.288667 -0.008441 9.552070 0.005588 0.010707 0.999927 -0.100707
0.288740 -0.957368 0.008638 8.549241 0.957391 0.288671 -0.008441 9.552392 0.005588 0.010707 0.999927 -0.100709
0.288714 -0.957376 0.008638 8.549219 0.957399 0.288645 -0.008441 9.552628 0.005588 0.010707 0.999927 -0.100709
0.288712 -0.957377 0.008638 8.549333 0.957399 0.288643 -0.008441 9.552979 0.005588 0.010707 0.999927 -0.100711
0.288725 -0.957373 0.008638 8.549449 0.957396 0.288656 -0.008441 9.553188 0.005588 0.010707 0.999927 -0.100712
0.288677 -0.957387 0.008638 8.549392 0.957410 0.288608 -0.008441 9.553545 0.005589 0.010707 0.999927 -0.100712
0.288677 -0.957387 0.008638 8.549440 0.957410 0.288608 -0.008441 9.553677 0.005589 0.010707 0.999927 -0.100713
0.288694 -0.957382 0.008638 8.549597 0.957405 0.288625 -0.008441 9.553951 0.005588 0.010707 0.999927 -0.100715
0.288647 -0.957396 0.008639 8.549470 0.957419 0.288578 -0.008441 9.554106 0.005589 0.010707 0.999927 -0.100714
0.288671 -0.957389 0.008638 8.549608 0.957412 0.288601 -0.008441 9.554247 0.005589 0.010707 0.999927 -0.100716
0.288694 -0.957382 0.008638 8.549724 0.957405 0.288625 -0.008441 9.554332 0.005588 0.010707 0.999927 -0.100717
0.288698 -0.957381 0.008638 8.549822 0.957404 0.288628 -0.008441 9.554559 0.005588 0.010707 0.999927 -0.100718
0.288701 -0.957380 0.008638 8.549846 0.957403 0.288632 -0.008441 9.554596 0.005588 0.010707 0.999927 -0.100719
0.288775 -0.957358 0.008637 8.550147 0.957381 0.288706 -0.008441 9.554652 0.005588 0.010707 0.999927 -0.100722
0.288759 -0.957362 0.008637 8.550116 0.957385 0.288690 -0.008441 9.554736 0.005588 0.010707 0.999927 -0.100722
0.288796 -0.957351 0.008637 8.550262 0.957374 0.288726 -0.008441 9.554746 0.005588 0.010707 0.999927 -0.100723
0.288770 -0.957359 0.008637 8.550195 0.957382 0.288700 -0.008441 9.554835 0.005588 0.010707 0.999927 -0.100723
0.288818 -0.957345 0.008637 8.550397 0.957367 0.288749 -0.008441 9.554871 0.005587 0.010707 0.999927 -0.100725
0.288914 -0.957316 0.008636 8.550745 0.957338 0.288845 -0.008441 9.554829 0.005586 0.010706 0.999927 -0.100728
0.288893 -0.957322 0.008636 8.550697 0.957345 0.288824 -0.008441 9.554915 0.005587 0.010706 0.999927 -0.100728
0.288941 -0.957308 0.008635 8.550882 0.957330 0.288872 -0.008441 9.554919 0.005586 0.010706 0.999927 -0.100730
0.288911 -0.957317 0.008636 8.550832 0.957339 0.288842 -0.008441 9.555094 0.005586 0.010706 0.999927 -0.100729
0.288874 -0.957328 0.008636 8.550735 0.957351 0.288805 -0.008441 9.555221 0.005587 0.010706 0.999927 -0.100729
0.288928 -0.957311 0.008636 8.550972 0.957334 0.288859 -0.008441 9.555312 0.005586 0.010706 0.999927 -0.100731
0.288991 -0.957293 0.008635 8.551215 0.957315 0.288922 -0.008441 9.555334 0.005586 0.010706 0.999927 -0.100734
0.288940 -0.957308 0.008636 8.551088 0.957331 0.288871 -0.008441 9.555514 0.005586 0.010706 0.999927 -0.100733
0.288929 -0.957311 0.008636 8.551069 0.957334 0.288860 -0.008441 9.555576 0.005586 0.010706 0.999927 -0.100732
0.288953 -0.957304 0.008635 8.551183 0.957327 0.288884 -0.008441 9.555645 0.005586 0.010706 0.999927 -0.100734
0.288956 -0.957303 0.008635 8.551209 0.957326 0.288887 -0.008441 9.555680 0.005586 0.010706 0.999927 -0.100734
0.288994 -0.957291 0.008635 8.551352 0.957314 0.288925 -0.008441 9.555662 0.005586 0.010706 0.999927 -0.100735
0.288927 -0.957312 0.008636 8.551126 0.957335 0.288857 -0.008441 9.555741 0.005586 0.010706 0.999927 -0.100733
0.288899 -0.957320 0.008636 8.551047 0.957343 0.288829 -0.008441 9.555810 0.005587 0.010706 0.999927 -0.100733
0.288874 -0.957328 0.008636 8.550977 0.957351 0.288805 -0.008441 9.555881 0.005587 0.010706 0.999927 -0.100732
0.288885 -0.957324 0.008636 8.551064 0.957347 0.288816 -0.008441 9.556007 0.005587 0.010706 0.999927 -0.100733
0.288888 -0.957323 0.008636 8.551097 0.957346 0.288819 -0.008441 9.556075 0.005587 0.010706 0.999927 -0.100733
0.288852 -0.957334 0.008636 8.550995 0.957357 0.288783 -0.008441 9.556171 0.005587 0.010706 0.999927 -0.100733
0.288881 -0.957326 0.008636 8.551114 0.957348 0.288812 -0.008441 9.556197 0.005587 0.010706 0.999927 -0.100734
0.288861 -0.957332 0.008636 8.551074 0.957354 0.288792 -0.008441 9.556306 0.005587 0.010706 0.999927 -0.100734
0.288872 -0.957328 0.008636 8.551126 0.957351 0.288803 -0.008441 9.556336 0.005587 0.010706 0.999927 -0.100734
0.288870 -0.957329 0.008636 8.551136 0.957352 0.288800 -0.008441 9.556392 0.005587 0.010706 0.999927 -0.100734
0.288937 -0.957309 0.008636 8.551382 0.957332 0.288868 -0.008441 9.556372 0.005586 0.010706 0.999927 -0.100737
0.288987 -0.957294 0.008635 8.551536 0.957317 0.288918 -0.008441 9.556274 0.005586 0.010706 0.999927 -0.100738
0.289033 -0.957280 0.008635 8.551686 0.957303 0.288964 -0.008441 9.556201 0.005585 0.010706 0.999927 -0.100740
0.289079 -0.957266 0.008634 8.551849 0.957289 0.289010 -0.008441 9.556171 0.005585 0.010705 0.999927 -0.100741
0.289080 -0.957266 0.008634 8.551844 0.957288 0.289011 -0.008441 9.556141 0.005585 0.010705 0.999927 -0.100741
0.289146 -0.957246 0.008633 8.552051 0.957268 0.289077 -0.008441 9.556015 0.005584 0.010705 0.999927 -0.100743
0.289133 -0.957250 0.008633 8.552027 0.957272 0.289064 -0.008441 9.556096 0.005584 0.010705 0.999927 -0.100743
0.289274 -0.957207 0.008632 8.552509 0.957230 0.289205 -0.008441 9.555960 0.005583 0.010704 0.999927 -0.100747
0.289293 -0.957201 0.008632 8.552588 0.957224 0.289224 -0.008441 9.555984 0.005583 0.010704 0.999927 -0.100748
0.289390 -0.957172 0.008631 8.552917 0.957195 0.289320 -0.008440 9.555884 0.005582 0.010704 0.999927 -0.100751
0.289464 -0.957149 0.008630 8.553160 0.957172 0.289395 -0.008440 9.555768 0.005581 0.010704 0.999927 -0.100754
0.289574 -0.957116 0.008629 8.553537 0.957139 0.289505 -0.008440 9.555680 0.005580 0.010703 0.999927 -0.100757
0.289678 -0.957085 0.008628 8.553893 0.957108 0.289609 -0.008440 9.555580 0.005579 0.010703 0.999927 -0.100761
0.289742 -0.957065 0.008627 8.554119 0.957088 0.289673 -0.008440 9.555543 0.005579 0.010702 0.999927 -0.100763
0.289723 -0.957071 0.008627 8.554062 0.957094 0.289654 -0.008440 9.555591 0.005579 0.010702 0.999927 -0.100762
0.289764 -0.957059 0.008627 8.554199 0.957082 0.289695 -0.008440 9.555555 0.005578 0.010702 0.999927 -0.100764
0.289768 -0.957058 0.008627 8.554207 0.957080 0.289699 -0.008440 9.555528 0.005578 0.010702 0.999927 -0.100764
0.289778 -0.957054 0.008627 8.554224 0.957077 0.289709 -0.008440 9.555462 0.005578 0.010702 0.999927 -0.100764
0.289767 -0.957058 0.008627 8.554187 0.957081 0.289698 -0.008440 9.555490 0.005578 0.010702 0.999927 -0.100763
0.289799 -0.957048 0.008627 8.554311 0.957071 0.289729 -0.008440 9.555505 0.005578 0.010702 0.999927 -0.100765
0.289787 -0.957052 0.008627 8.554268 0.957075 0.289717 -0.008440 9.555507 0.005578 0.010702 0.999927 -0.100764
0.289350 -0.957184 0.008631 8.552506 0.957207 0.289281 -0.008440 9.555042 0.005582 0.010704 0.999927 -0.100746
0.288636 -0.957399 0.008639 8.548883 0.957422 0.288567 -0.008441 9.551895 0.005589 0.010707 0.999927 -0.100705
0.286396 -0.958072 0.008662 8.539606 0.958095 0.286327 -0.008445 9.548916 0.005610 0.010718 0.999927 -0.100607
0.283623 -0.958896 0.008691 8.528170 0.958919 0.283554 -0.008448 9.545465 0.005637 0.010730 0.999927 -0.100487
0.277906 -0.960568 0.008751 8.504019 0.960591 0.277836 -0.008456 9.536280 0.005691 0.010756 0.999926 -0.100231
0.270024 -0.962813 0.008833 8.498361 0.962836 0.269953 -0.008466 9.611602 0.005767 0.010791 0.999925 -0.100295
0.262015 -0.965022 0.008917 8.488854 0.965046 0.261943 -0.008475 9.677551 0.005843 0.010826 0.999924 -0.100305
0.250040 -0.968193 0.009042 8.468157 0.968217 0.249967 -0.008488 9.757208 0.005958 0.010877 0.999923 -0.100224
0.237965 -0.971230 0.009167 8.450087 0.971255 0.237891 -0.008499 9.848391 0.006074 0.010926 0.999922 -0.100189
0.221692 -0.975072 0.009336 8.416248 0.975097 0.221616 -0.008512 9.943813 0.006230 0.010991 0.999920 -0.100002
0.206050 -0.978495 0.009498 8.384130 0.978521 0.205973 -0.008521 10.039898 0.006381 0.011050 0.999919 -0.099834
0.186429 -0.982420 0.009701 8.340459 0.982447 0.186349 -0.008529 10.156183 0.006571 0.011120 0.999917 -0.099583
0.171132 -0.985199 0.009858 8.310366 0.985225 0.171052 -0.008532 10.270196 0.006720 0.011173 0.999915 -0.099463
0.153496 -0.988098 0.010039 8.274165 0.988125 0.153414 -0.008533 10.407793 0.006892 0.011230 0.999913 -0.099321
0.141281 -0.989917 0.010164 8.255022 0.989945 0.141197 -0.008532 10.541553 0.007011 0.011267 0.999912 -0.099342
0.127808 -0.991745 0.010302 8.232779 0.991773 0.127723 -0.008529 10.699508 0.007143 0.011307 0.999911 -0.099371
0.117470 -0.993022 0.010407 8.217846 0.993050 0.117384 -0.008525 10.843531 0.007244 0.011336 0.999910 -0.099451
0.104714 -0.994446 0.010537 8.196343 0.994475 0.104627 -0.008519 11.018700 0.007369 0.011371 0.999908 -0.099515
0.093464 -0.995565 0.010651 8.176289 0.995595 0.093376 -0.008512 11.176882 0.007480 0.011400 0.999907 -0.099567
0.080942 -0.996660 0.010778 8.153395 0.996690 0.080853 -0.008503 11.372106 0.007604 0.011431 0.999906 -0.099649
0.072343 -0.997320 0.010865 8.140265 0.997350 0.072253 -0.008496 11.547985 0.007688 0.011451 0.999905 -0.099797
0.063687 -0.997910 0.010953 8.129070 0.997940 0.063596 -0.008488 11.768757 0.007774 0.011471 0.999904 -0.100037
0.058798 -0.998209 0.011002 8.126653 0.998239 0.058706 -0.008484 11.959701 0.007822 0.011482 0.999904 -0.100317
0.053492 -0.998507 0.011056 8.124960 0.998537 0.053400 -0.008478 12.194947 0.007875 0.011493 0.999903 -0.100675
0.050180 -0.998678 0.011089 8.127196 0.998709 0.050088 -0.008475 12.401952 0.007908 0.011500 0.999903 -0.101027
0.047235 -0.998822 0.011119 8.133639 0.998852 0.047142 -0.008471 12.667651 0.007937 0.011506 0.999902 -0.101514
0.045001 -0.998925 0.011141 8.138784 0.998955 0.044908 -0.008469 12.894228 0.007959 0.011511 0.999902 -0.101927
0.042535 -0.999032 0.011166 8.146101 0.999063 0.042441 -0.008466 13.181506 0.007984 0.011516 0.999902 -0.102457
0.041119 -0.999091 0.011180 8.154908 0.999122 0.041026 -0.008464 13.430894 0.007998 0.011519 0.999902 -0.102943
0.040227 -0.999128 0.011189 8.168581 0.999158 0.040134 -0.008463 13.747220 0.008007 0.011520 0.999902 -0.103583
0.037741 -0.999224 0.011214 8.173823 0.999255 0.037647 -0.008460 14.011790 0.008031 0.011525 0.999901 -0.104057
0.035711 -0.999299 0.011235 8.183662 0.999330 0.035617 -0.008458 14.347235 0.008052 0.011529 0.999901 -0.104690
0.033994 -0.999358 0.011252 8.190396 0.999389 0.033900 -0.008456 14.627240 0.008069 0.011533 0.999901 -0.105203
0.033052 -0.999390 0.011262 8.203881 0.999421 0.032958 -0.008454 14.993507 0.008078 0.011534 0.999901 -0.105921
0.031598 -0.999437 0.011276 8.212588 0.999468 0.031504 -0.008453 15.295581 0.008093 0.011537 0.999901 -0.106489
0.030769 -0.999463 0.011284 8.226992 0.999494 0.030675 -0.008451 15.694470 0.008101 0.011539 0.999901 -0.107269
0.030090 -0.999483 0.011291 8.238802 0.999514 0.029995 -0.008451 16.020231 0.008108 0.011540 0.999901 -0.107906
0.028783 -0.999521 0.011304 8.252216 0.999553 0.028689 -0.008449 16.431550 0.008121 0.011543 0.999900 -0.108695
0.027906 -0.999546 0.011313 8.263958 0.999577 0.027812 -0.008448 16.779209 0.008129 0.011544 0.999900 -0.109366
0.026104 -0.999595 0.011331 8.275833 0.999626 0.026010 -0.008445 17.221300 0.008147 0.011548 0.999900 -0.110189
0.025129 -0.999619 0.011341 8.286916 0.999651 0.025034 -0.008444 17.575146 0.008157 0.011549 0.999900 -0.110863
0.023695 -0.999654 0.011355 8.299575 0.999686 0.023600 -0.008442 18.025526 0.008171 0.011552 0.999900 -0.111707
0.022760 -0.999676 0.011365 8.310480 0.999707 0.022665 -0.008441 18.403833 0.008181 0.011554 0.999900 -0.112419
0.020892 -0.999717 0.011384 8.321543 0.999748 0.020797 -0.008438 18.891635 0.008199 0.011557 0.999900 -0.113306
0.019916 -0.999736 0.011393 8.338842 0.999768 0.019820 -0.008437 19.477957 0.008209 0.011559 0.999900 -0.114413
0.019224 -0.999750 0.011400 8.347502 0.999781 0.019129 -0.008436 19.800802 0.008216 0.011560 0.999899 -0.115014
0.017974 -0.999773 0.011413 8.356765 0.999804 0.017878 -0.008434 20.225199 0.008228 0.011562 0.999899 -0.115782
0.016390 -0.999800 0.011429 8.373760 0.999831 0.016294 -0.008432 20.935939 0.008244 0.011565 0.999899 -0.117084
