1.000000 0.000000 0.000000 0.000000 0.000000 1.000000 0.000000 0.000000 0.000000 0.000000 1.000000 0.000000
0.996026 -0.089063 0.000182 0.314588 0.089064 0.996026 -0.000884 0.312323 -0.000102 0.000897 1.000000 -0.003643
0.994299 -0.106625 0.000227 0.678559 0.106625 0.994299 -0.001057 0.405334 -0.000113 0.001075 0.999999 -0.007431
0.994401 -0.105674 0.000224 1.366520 0.105674 0.994400 -0.001048 0.464470 -0.000112 0.001066 0.999999 -0.014405
0.994425 -0.105443 0.000224 1.562713 0.105443 0.994425 -0.001046 0.481591 -0.000112 0.001063 0.999999 -0.016395
0.994294 -0.106675 0.000227 2.083253 0.106676 0.994293 -0.001058 0.532428 -0.000113 0.001076 0.999999 -0.021681
0.994161 -0.107909 0.000230 2.643484 0.107909 0.994160 -0.001070 0.588253 -0.000113 0.001088 0.999999 -0.027373
0.994089 -0.108569 0.000232 2.987539 0.108569 0.994088 -0.001076 0.622528 -0.000114 0.001095 0.999999 -0.030868
0.993774 -0.111417 0.000240 3.553661 0.111417 0.993773 -0.001104 0.686123 -0.000115 0.001124 0.999999 -0.036631
0.993531 -0.113566 0.000246 4.085547 0.113566 0.993530 -0.001125 0.745359 -0.000116 0.001146 0.999999 -0.042044
0.993235 -0.116118 0.000253 4.475138 0.116118 0.993235 -0.001150 0.793099 -0.000117 0.001172 0.999999 -0.046016
0.992776 -0.119982 0.000263 5.003702 0.119982 0.992775 -0.001188 0.861156 -0.000119 0.001211 0.999999 -0.051410
0.992561 -0.121747 0.000268 5.407274 0.121747 0.992560 -0.001206 0.909684 -0.000120 0.001229 0.999999 -0.055523
0.992241 -0.124327 0.000276 5.757307 0.124327 0.992240 -0.001231 0.956599 -0.000120 0.001256 0.999999 -0.059099
0.991990 -0.126320 0.000281 6.141581 0.126321 0.991989 -0.001250 1.006490 -0.000121 0.001276 0.999999 -0.063021
0.991518 -0.129971 0.000292 6.863380 0.129971 0.991517 -0.001286 1.101661 -0.000122 0.001313 0.999999 -0.070391
0.991392 -0.130924 0.000295 7.075844 0.130924 0.991392 -0.001296 1.129632 -0.000122 0.001323 0.999999 -0.072560
0.991201 -0.132369 0.000299 7.629331 0.132369 0.991200 -0.001310 1.199649 -0.000123 0.001338 0.999999 -0.078207
0.991079 -0.133278 0.000301 8.216397 0.133278 0.991078 -0.001319 1.272935 -0.000123 0.001347 0.999999 -0.084194
0.990835 -0.135079 0.000307 8.571789 0.135079 0.990834 -0.001336 1.322027 -0.000123 0.001365 0.999999 -0.087826
0.990831 -0.135106 0.000307 8.973325 0.135106 0.990830 -0.001337 1.371138 -0.000123 0.001366 0.999999 -0.091920
0.990878 -0.134764 0.000306 9.717317 0.134764 0.990877 -0.001333 1.460790 -0.000123 0.001362 0.999999 -0.099503
0.990884 -0.134720 0.000306 9.932685 0.134720 0.990883 -0.001333 1.486916 -0.000123 0.001362 0.999999 -0.101698
0.991105 -0.133085 0.000301 10.490138 0.133085 0.991104 -0.001317 1.548838 -0.000123 0.001345 0.999999 -0.107372
0.991322 -0.131458 0.000296 11.096695 0.131459 0.991321 -0.001301 1.615890 -0.000123 0.001328 0.999999 -0.113544
0.991386 -0.130974 0.000295 11.460235 0.130974 0.991385 -0.001296 1.657121 -0.000122 0.001324 0.999999 -0.117245
0.991553 -0.129700 0.000291 11.872886 0.129700 0.991552 -0.001284 1.701054 -0.000122 0.001310 0.999999 -0.121442
0.991648 -0.128974 0.000289 12.637107 0.128975 0.991647 -0.001276 1.787773 -0.000122 0.001303 0.999999 -0.129223
0.991676 -0.128756 0.000288 12.853000 0.128757 0.991675 -0.001274 1.811987 -0.000122 0.001301 0.999999 -0.131420
0.991738 -0.128281 0.000287 13.416102 0.128282 0.991737 -0.001270 1.875417 -0.000122 0.001296 0.999999 -0.137152
0.991776 -0.127987 0.000286 14.000409 0.127987 0.991775 -0.001267 1.941682 -0.000122 0.001293 0.999999 -0.143101
0.991726 -0.128369 0.000287 14.420829 0.128369 0.991726 -0.001271 1.991310 -0.000122 0.001297 0.999999 -0.147385
0.991719 -0.128423 0.000287 14.819229 0.128424 0.991719 -0.001271 2.037567 -0.000122 0.001297 0.999999 -0.151442
0.991547 -0.129746 0.000291 15.570354 0.129746 0.991546 -0.001284 2.129361 -0.000122 0.001311 0.999999 -0.159100
0.991550 -0.129726 0.000291 15.788595 0.129726 0.991549 -0.001284 2.154700 -0.000122 0.001311 0.999999 -0.161323
0.991553 -0.129698 0.000291 16.369271 0.129699 0.991553 -0.001284 2.222226 -0.000122 0.001310 0.999999 -0.167238
0.991693 -0.128626 0.000288 16.972725 0.128626 0.991692 -0.001273 2.288384 -0.000122 0.001300 0.999999 -0.173378
0.991791 -0.127870 0.000286 17.340414 0.127871 0.991790 -0.001266 2.328141 -0.000122 0.001292 0.999999 -0.177118
0.991922 -0.126849 0.000283 17.748394 0.126850 0.991921 -0.001256 2.371327 -0.000121 0.001281 0.999999 -0.181267
0.992183 -0.124788 0.000277 18.500739 0.124788 0.992183 -0.001235 2.448934 -0.000121 0.001260 0.999999 -0.188914
0.992340 -0.123532 0.000273 18.713689 0.123532 0.992340 -0.001223 2.468265 -0.000120 0.001248 0.999999 -0.191074
0.992508 -0.122181 0.000270 19.262409 0.122181 0.992507 -0.001210 2.523574 -0.000120 0.001234 0.999999 -0.196650
0.992715 -0.120484 0.000265 19.846484 0.120484 0.992715 -0.001193 2.580762 -0.000119 0.001216 0.999999 -0.202582
0.993059 -0.117616 0.000257 20.409896 0.117616 0.993058 -0.001165 2.630932 -0.000118 0.001187 0.999999 -0.208296
0.993133 -0.116988 0.000255 20.826698 0.116988 0.993133 -0.001159 2.672383 -0.000118 0.001181 0.999999 -0.212530
0.993289 -0.115662 0.000251 21.365246 0.115662 0.993288 -0.001146 2.723223 -0.000117 0.001167 0.999999 -0.217997
0.993480 -0.114007 0.000247 21.768984 0.114007 0.993479 -0.001130 2.758696 -0.000116 0.001150 0.999999 -0.222091
0.993886 -0.110413 0.000237 22.289807 0.110413 0.993885 -0.001094 2.798164 -0.000115 0.001114 0.999999 -0.227362
0.993978 -0.109582 0.000235 22.806446 0.109582 0.993977 -0.001086 2.845366 -0.000114 0.001105 0.999999 -0.232604
0.994145 -0.108056 0.000231 23.232328 0.108056 0.994144 -0.001071 2.880892 -0.000114 0.001090 0.999999 -0.236919
0.994237 -0.107203 0.000228 23.606910 0.107204 0.994236 -0.001063 2.913036 -0.000113 0.001081 0.999999 -0.240717
0.994268 -0.106918 0.000228 24.083065 0.106918 0.994267 -0.001060 2.955945 -0.000113 0.001078 0.999999 -0.245547
0.993942 -0.109902 0.000236 24.545068 0.109902 0.993942 -0.001089 3.009211 -0.000114 0.001109 0.999999 -0.250252
0.993540 -0.113486 0.000245 24.886524 0.113486 0.993539 -0.001125 3.054372 -0.000116 0.001145 0.999999 -0.253738
0.993038 -0.117794 0.000257 25.224908 0.117794 0.993037 -0.001167 3.103385 -0.000118 0.001189 0.999999 -0.257200
0.992352 -0.123436 0.000273 25.665333 0.123437 0.992352 -0.001222 3.170310 -0.000120 0.001247 0.999999 -0.261711
0.991503 -0.130084 0.000292 25.989529 0.130084 0.991502 -0.001287 3.230451 -0.000122 0.001314 0.999999 -0.265049
0.990758 -0.135642 0.000308 26.442203 0.135642 0.990757 -0.001342 3.302020 -0.000124 0.001371 0.999999 -0.269690
0.990049 -0.140725 0.000324 26.875464 0.140725 0.990048 -0.001391 3.373106 -0.000125 0.001423 0.999999 -0.274136
0.989331 -0.145683 0.000339 27.216809 0.145684 0.989330 -0.001440 3.434499 -0.000125 0.001474 0.999999 -0.277647
0.988659 -0.150175 0.000353 27.648842 0.150176 0.988658 -0.001484 3.508141 -0.000126 0.001520 0.999999 -0.282085
0.987996 -0.154478 0.000366 28.013588 0.154479 0.987995 -0.001526 3.573348 -0.000126 0.001564 0.999999 -0.285837
0.987039 -0.160481 0.000385 28.425103 0.160481 0.987037 -0.001584 3.654266 -0.000126 0.001626 0.999999 -0.290081
0.986982 -0.160827 0.000386 28.823476 0.160828 0.986981 -0.001588 3.714271 -0.000126 0.001629 0.999999 -0.294160
0.986310 -0.164900 0.000400 29.080641 0.164900 0.986309 -0.001627 3.766553 -0.000126 0.001671 0.999999 -0.296815
0.985697 -0.168526 0.000411 29.474152 0.168526 0.985696 -0.001663 3.840558 -0.000125 0.001708 0.999999 -0.300868
0.986144 -0.165889 0.000403 29.913272 0.165890 0.986143 -0.001637 3.899502 -0.000126 0.001681 0.999999 -0.305354
0.986610 -0.163097 0.000394 30.306360 0.163098 0.986608 -0.001610 3.950348 -0.000126 0.001652 0.999999 -0.309366
0.986470 -0.163938 0.000396 30.681650 0.163939 0.986469 -0.001618 4.010747 -0.000126 0.001661 0.999999 -0.313215
0.986594 -0.163191 0.000394 31.017949 0.163191 0.986593 -0.001611 4.059373 -0.000126 0.001653 0.999999 -0.316655
0.987058 -0.160362 0.000385 31.455437 0.160363 0.987057 -0.001583 4.115463 -0.000126 0.001624 0.999999 -0.321120
0.987577 -0.157133 0.000374 31.809081 0.157134 0.987576 -0.001552 4.156502 -0.000126 0.001591 0.999999 -0.324722
0.988115 -0.153718 0.000364 32.239758 0.153719 0.988113 -0.001518 4.207083 -0.000126 0.001556 0.999999 -0.329109
0.988588 -0.150645 0.000354 32.574713 0.150645 0.988587 -0.001488 4.243364 -0.000126 0.001525 0.999999 -0.332516
0.989031 -0.147707 0.000345 32.999158 0.147708 0.989030 -0.001460 4.291979 -0.000126 0.001495 0.999999 -0.336839
0.989341 -0.145618 0.000339 33.363315 0.145619 0.989340 -0.001439 4.334140 -0.000125 0.001473 0.999999 -0.340547
0.989611 -0.143771 0.000333 33.712909 0.143772 0.989610 -0.001421 4.374563 -0.000125 0.001454 0.999999 -0.344108
0.989802 -0.142449 0.000329 34.173808 0.142449 0.989801 -0.001408 4.430564 -0.000125 0.001441 0.999999 -0.348806
0.990351 -0.138579 0.000317 34.626988 0.138579 0.990350 -0.001370 4.475614 -0.000124 0.001401 0.999999 -0.353410
0.990682 -0.136196 0.000310 34.983855 0.136196 0.990681 -0.001347 4.511921 -0.000124 0.001377 0.999999 -0.357036
0.990837 -0.135062 0.000307 35.421378 0.135063 0.990836 -0.001336 4.561917 -0.000123 0.001365 0.999999 -0.361491
0.990936 -0.134337 0.000305 35.786931 0.134337 0.990935 -0.001329 4.604257 -0.000123 0.001358 0.999999 -0.365215
0.991217 -0.132245 0.000298 36.228322 0.132245 0.991216 -0.001309 4.650482 -0.000123 0.001336 0.999999 -0.369702
0.991512 -0.130018 0.000292 36.602401 0.130018 0.991511 -0.001287 4.687538 -0.000122 0.001314 0.999999 -0.373502
0.991804 -0.127764 0.000285 37.056581 0.127764 0.991804 -0.001265 4.732679 -0.000122 0.001291 0.999999 -0.378116
0.992183 -0.124792 0.000277 37.427965 0.124792 0.992182 -0.001236 4.764574 -0.000121 0.001260 0.999999 -0.381881
0.992373 -0.123272 0.000273 37.895489 0.123272 0.992372 -0.001221 4.811167 -0.000120 0.001245 0.999999 -0.386630
0.992635 -0.121140 0.000267 38.262486 0.121140 0.992634 -0.001200 4.843549 -0.000119 0.001223 0.999999 -0.390352
0.992680 -0.120777 0.000266 38.604076 0.120777 0.992679 -0.001196 4.879626 -0.000119 0.001219 0.999999 -0.393826
0.992875 -0.119161 0.000261 39.094300 0.119161 0.992874 -0.001180 4.926897 -0.000119 0.001203 0.999999 -0.398803
0.993018 -0.117959 0.000258 39.561599 0.117959 0.993018 -0.001169 4.972303 -0.000118 0.001191 0.999999 -0.403549
0.993074 -0.117486 0.000256 39.916285 0.117486 0.993074 -0.001164 5.008066 -0.000118 0.001186 0.999999 -0.407153
0.993084 -0.117404 0.000256 40.260173 0.117404 0.993083 -0.001163 5.043283 -0.000118 0.001185 0.999999 -0.410648
0.993132 -0.116998 0.000255 40.749635 0.116999 0.993131 -0.001159 5.092157 -0.000118 0.001181 0.999999 -0.415620
0.993227 -0.116190 0.000253 41.115472 0.116191 0.993226 -0.001151 5.127264 -0.000117 0.001173 0.999999 -0.419335
0.993143 -0.116908 0.000255 41.601657 0.116908 0.993142 -0.001158 5.180202 -0.000118 0.001180 0.999999 -0.424281
0.993302 -0.115546 0.000251 41.971562 0.115547 0.993301 -0.001145 5.213636 -0.000117 0.001166 0.999999 -0.428034
0.993179 -0.116602 0.000254 42.467139 0.116602 0.993178 -0.001155 5.268938 -0.000117 0.001177 0.999999 -0.433078
0.992980 -0.118278 0.000259 42.824996 0.118279 0.992980 -0.001172 5.311185 -0.000118 0.001194 0.999999 -0.436724
0.992820 -0.119617 0.000262 43.306436 0.119617 0.992819 -0.001185 5.365807 -0.000119 0.001208 0.999999 -0.441625
0.992707 -0.120555 0.000265 43.684176 0.120556 0.992706 -0.001194 5.408967 -0.000119 0.001217 0.999999 -0.445471
0.992499 -0.122256 0.000270 44.186255 0.122256 0.992498 -0.001211 5.469198 -0.000120 0.001235 0.999999 -0.450588
0.992386 -0.123168 0.000272 44.571468 0.123168 0.992385 -0.001220 5.514784 -0.000120 0.001244 0.999999 -0.454513
0.992304 -0.123825 0.000274 45.061650 0.123825 0.992303 -0.001226 5.572082 -0.000120 0.001251 0.999999 -0.459506
0.991947 -0.126655 0.000282 45.426969 0.126655 0.991946 -0.001254 5.622527 -0.000121 0.001279 0.999999 -0.463240
0.992074 -0.125657 0.000279 45.916642 0.125658 0.992073 -0.001244 5.674468 -0.000121 0.001269 0.999999 -0.468220
0.991829 -0.127577 0.000285 46.286048 0.127577 0.991828 -0.001263 5.722572 -0.000121 0.001289 0.999999 -0.471990
0.991706 -0.128526 0.000288 46.792607 0.128526 0.991705 -0.001272 5.783810 -0.000122 0.001299 0.999999 -0.477154
0.991962 -0.126536 0.000282 47.150638 0.126537 0.991961 -0.001253 5.818539 -0.000121 0.001278 0.999999 -0.480789
0.992044 -0.125888 0.000280 47.646631 0.125888 0.992043 -0.001246 5.872955 -0.000121 0.001272 0.999999 -0.485836
0.992185 -0.124773 0.000277 48.006580 0.124773 0.992184 -0.001235 5.909739 -0.000121 0.001260 0.999999 -0.489494
0.992291 -0.123933 0.000274 48.522725 0.123933 0.992290 -0.001227 5.964152 -0.000120 0.001252 0.999999 -0.494743
0.992538 -0.121939 0.000269 48.887124 0.121939 0.992537 -0.001208 5.997053 -0.000120 0.001231 0.999999 -0.498439
0.992678 -0.120789 0.000266 49.369379 0.120789 0.992677 -0.001196 6.045212 -0.000119 0.001220 0.999999 -0.503339
0.992817 -0.119642 0.000262 49.718402 0.119643 0.992816 -0.001185 6.078732 -0.000119 0.001208 0.999999 -0.506882
0.992965 -0.118407 0.000259 50.214718 0.118408 0.992964 -0.001173 6.127315 -0.000118 0.001195 0.999999 -0.511923
0.993083 -0.117416 0.000256 50.579379 0.117416 0.993082 -0.001163 6.162069 -0.000118 0.001185 0.999999 -0.515625
0.993189 -0.116518 0.000254 51.067384 0.116518 0.993188 -0.001154 6.209661 -0.000117 0.001176 0.999999 -0.520581
0.993222 -0.116232 0.000253 51.424590 0.116232 0.993221 -0.001152 6.245483 -0.000117 0.001173 0.999999 -0.524210
0.993324 -0.115359 0.000250 52.047207 0.115359 0.993323 -0.001143 6.306225 -0.000117 0.001164 0.999999 -0.530534
0.993365 -0.115009 0.000250 52.226460 0.115009 0.993363 -0.001140 6.323241 -0.000117 0.001161 0.999999 -0.532353
0.993392 -0.114770 0.000249 52.692793 0.114770 0.993391 -0.001137 6.369732 -0.000117 0.001158 0.999999 -0.537091
0.993533 -0.113548 0.000246 53.285130 0.113548 0.993532 -0.001125 6.425333 -0.000116 0.001146 0.999999 -0.543103
0.993625 -0.112735 0.000243 53.502412 0.112735 0.993624 -0.001117 6.444445 -0.000116 0.001138 0.999999 -0.545306
0.993521 -0.113648 0.000246 53.839902 0.113648 0.993520 -0.001126 6.481269 -0.000116 0.001147 0.999999 -0.548740
0.993490 -0.113920 0.000247 54.453730 0.113920 0.993489 -0.001129 6.543419 -0.000116 0.001150 0.999999 -0.554977
0.993471 -0.114083 0.000247 54.633019 0.114083 0.993470 -0.001130 6.562017 -0.000116 0.001151 0.999999 -0.556800
0.993419 -0.114541 0.000248 55.090619 0.114542 0.993418 -0.001135 6.609881 -0.000117 0.001156 0.999999 -0.561452
0.993470 -0.114099 0.000247 55.652539 0.114099 0.993469 -0.001131 6.665279 -0.000116 0.001151 0.999999 -0.567160
0.993311 -0.115469 0.000251 55.854694 0.115469 0.993310 -0.001144 6.690391 -0.000117 0.001165 0.999999 -0.569222
0.993335 -0.115267 0.000250 56.173885 0.115267 0.993334 -0.001142 6.721935 -0.000117 0.001163 0.999999 -0.572464
0.993254 -0.115956 0.000252 56.740024 0.115956 0.993253 -0.001149 6.781947 -0.000117 0.001170 0.999999 -0.578221
0.993276 -0.115771 0.000252 56.902675 0.115771 0.993275 -0.001147 6.798066 -0.000117 0.001168 0.999999 -0.579873
0.993186 -0.116540 0.000254 57.317125 0.116540 0.993185 -0.001155 6.843555 -0.000117 0.001176 0.999999 -0.584090
0.993232 -0.116149 0.000253 57.742285 0.116149 0.993231 -0.001151 6.886566 -0.000117 0.001172 0.999999 -0.588411
0.993279 -0.115746 0.000252 57.990000 0.115747 0.993278 -0.001147 6.910742 -0.000117 0.001168 0.999999 -0.590926
0.993265 -0.115869 0.000252 58.229903 0.115869 0.993264 -0.001148 6.935722 -0.000117 0.001169 0.999999 -0.593365
0.993401 -0.114693 0.000249 58.679314 0.114694 0.993400 -0.001136 6.977430 -0.000117 0.001157 0.999999 -0.597926
0.993411 -0.114609 0.000248 58.805060 0.114609 0.993410 -0.001136 6.989930 -0.000117 0.001157 0.999999 -0.599203
0.993399 -0.114706 0.000249 59.102213 0.114706 0.993399 -0.001137 7.020642 -0.000117 0.001158 0.999999 -0.602224
0.993534 -0.113534 0.000245 59.485824 0.113534 0.993533 -0.001125 7.055682 -0.000116 0.001146 0.999999 -0.606116
0.993619 -0.112794 0.000243 59.627080 0.112794 0.993618 -0.001118 7.067380 -0.000116 0.001138 0.999999 -0.607547
0.993697 -0.112101 0.000242 59.855108 0.112102 0.993696 -0.001111 7.087354 -0.000116 0.001131 0.999999 -0.609859
0.993914 -0.110159 0.000236 60.284605 0.110159 0.993913 -0.001092 7.122595 -0.000115 0.001111 0.999999 -0.614211
0.994067 -0.108772 0.000233 60.404383 0.108772 0.994066 -0.001078 7.129315 -0.000114 0.001097 0.999999 -0.615419
0.994241 -0.107168 0.000228 60.707164 0.107168 0.994240 -0.001063 7.152607 -0.000113 0.001081 0.999999 -0.618484
0.994523 -0.104516 0.000221 61.029954 0.104516 0.994523 -0.001036 7.173473 -0.000112 0.001054 0.999999 -0.621745
0.994671 -0.103102 0.000218 61.215885 0.103102 0.994670 -0.001023 7.185537 -0.000111 0.001040 0.999999 -0.623624
0.994852 -0.101336 0.000213 61.423188 0.101336 0.994852 -0.001005 7.198063 -0.000110 0.001022 0.999999 -0.625717
0.995255 -0.097301 0.000202 61.805244 0.097301 0.995254 -0.000965 7.217270 -0.000108 0.000981 0.999999 -0.629568
0.995389 -0.095922 0.000199 61.913473 0.095922 0.995388 -0.000952 7.221626 -0.000107 0.000967 1.000000 -0.630657
0.995658 -0.093082 0.000192 62.190207 0.093082 0.995658 -0.000924 7.234487 -0.000105 0.000938 1.000000 -0.633445
0.995999 -0.089369 0.000182 62.489498 0.089369 0.995998 -0.000887 7.245089 -0.000102 0.000900 1.000000 -0.636455
0.996216 -0.086912 0.000176 62.663109 0.086912 0.996215 -0.000863 7.249731 -0.000101 0.000875 1.000000 -0.638199
0.996388 -0.084913 0.000171 62.862359 0.084913 0.996388 -0.000843 7.257356 -0.000099 0.000855 1.000000 -0.640204
0.996626 -0.082081 0.000164 63.216798 0.082081 0.996625 -0.000815 7.272254 -0.000097 0.000826 1.000000 -0.643772
0.996671 -0.081525 0.000163 63.315672 0.081525 0.996671 -0.000810 7.276666 -0.000097 0.000821 1.000000 -0.644768
0.996571 -0.082745 0.000166 63.564443 0.082746 0.996570 -0.000822 7.297767 -0.000097 0.000833 1.000000 -0.647289
0.996376 -0.085064 0.000172 63.875355 0.085064 0.996375 -0.000845 7.327056 -0.000099 0.000856 1.000000 -0.650445
0.996229 -0.086762 0.000176 63.984694 0.086762 0.996229 -0.000862 7.340717 -0.000100 0.000874 1.000000 -0.651560
0.995827 -0.091258 0.000187 64.151569 0.091258 0.995827 -0.000906 7.368104 -0.000104 0.000919 1.000000 -0.653272
0.994940 -0.100473 0.000211 64.433070 0.100473 0.994939 -0.000997 7.422501 -0.000109 0.001013 0.999999 -0.656174
0.994616 -0.103628 0.000219 64.511344 0.103628 0.994615 -0.001028 7.440449 -0.000111 0.001045 0.999999 -0.656986
0.993819 -0.111010 0.000239 64.695973 0.111010 0.993819 -0.001100 7.483276 -0.000115 0.001120 0.999999 -0.658900
0.992676 -0.120807 0.000266 64.913766 0.120807 0.992675 -0.001196 7.539626 -0.000119 0.001220 0.999999 -0.661168
0.992237 -0.124361 0.000276 64.978148 0.124361 0.992236 -0.001231 7.559128 -0.000120 0.001256 0.999999 -0.661843
0.991679 -0.128735 0.000288 65.080330 0.128735 0.991678 -0.001274 7.586356 -0.000122 0.001301 0.999999 -0.662908
0.990568 -0.137023 0.000313 65.238059 0.137023 0.990567 -0.001355 7.635094 -0.000124 0.001385 0.999999 -0.664563
0.990302 -0.138930 0.000318 65.279724 0.138930 0.990301 -0.001374 7.647140 -0.000124 0.001405 0.999999 -0.664999
0.989748 -0.142826 0.000330 65.367150 0.142826 0.989747 -0.001412 7.672419 -0.000125 0.001445 0.999999 -0.665913
0.989094 -0.147290 0.000344 65.443354 0.147290 0.989092 -0.001456 7.698331 -0.000126 0.001490 0.999999 -0.666717
0.988759 -0.149519 0.000351 65.475302 0.149520 0.988758 -0.001477 7.710782 -0.000126 0.001513 0.999999 -0.667056
0.988617 -0.150457 0.000353 65.508075 0.150457 0.988615 -0.001486 7.718624 -0.000126 0.001523 0.999999 -0.667396
0.988242 -0.152899 0.000361 65.553184 0.152900 0.988241 -0.001510 7.733465 -0.000126 0.001548 0.999999 -0.667871
0.988132 -0.153609 0.000363 65.566486 0.153609 0.988130 -0.001517 7.737647 -0.000126 0.001555 0.999999 -0.668011
0.987969 -0.154654 0.000367 65.581636 0.154655 0.987967 -0.001527 7.743349 -0.000126 0.001566 0.999999 -0.668171
0.988083 -0.153922 0.000364 65.580694 0.153922 0.988082 -0.001520 7.741343 -0.000126 0.001558 0.999999 -0.668159
0.988091 -0.153871 0.000364 65.593909 0.153871 0.988090 -0.001520 7.743348 -0.000126 0.001558 0.999999 -0.668294
0.988095 -0.153844 0.000364 65.606286 0.153844 0.988094 -0.001520 7.746189 -0.000126 0.001557 0.999999 -0.668422
0.988075 -0.153973 0.000364 65.643300 0.153973 0.988074 -0.001521 7.752357 -0.000126 0.001559 0.999999 -0.668802
0.988077 -0.153962 0.000364 65.652752 0.153963 0.988075 -0.001521 7.754121 -0.000126 0.001559 0.999999 -0.668900
0.988128 -0.153632 0.000363 65.682507 0.153632 0.988127 -0.001517 7.757722 -0.000126 0.001555 0.999999 -0.669203
0.988124 -0.153661 0.000363 65.707759 0.153661 0.988122 -0.001518 7.762183 -0.000126 0.001556 0.999999 -0.669463
0.988124 -0.153658 0.000363 65.726822 0.153658 0.988123 -0.001518 7.765123 -0.000126 0.001556 0.999999 -0.669658
0.988131 -0.153615 0.000363 65.741865 0.153615 0.988130 -0.001517 7.767715 -0.000126 0.001555 0.999999 -0.669812
0.988120 -0.153685 0.000364 65.771429 0.153685 0.988119 -0.001518 7.772710 -0.000126 0.001556 0.999999 -0.670116
0.988133 -0.153604 0.000363 65.777634 0.153604 0.988131 -0.001517 7.773613 -0.000126 0.001555 0.999999 -0.670180
0.988125 -0.153653 0.000363 65.796734 0.153654 0.988124 -0.001518 7.776849 -0.000126 0.001556 0.999999 -0.670376
0.988143 -0.153535 0.000363 65.812627 0.153535 0.988142 -0.001517 7.779199 -0.000126 0.001554 0.999999 -0.670538
0.988139 -0.153560 0.000363 65.824159 0.153561 0.988138 -0.001517 7.781076 -0.000126 0.001555 0.999999 -0.670657
0.988151 -0.153483 0.000363 65.833577 0.153484 0.988150 -0.001516 7.782448 -0.000126 0.001554 0.999999 -0.670753
0.988128 -0.153632 0.000363 65.851438 0.153633 0.988127 -0.001517 7.785817 -0.000126 0.001555 0.999999 -0.670937
0.988110 -0.153752 0.000364 65.855091 0.153753 0.988108 -0.001519 7.786901 -0.000126 0.001557 0.999999 -0.670975
0.988112 -0.153739 0.000364 65.866726 0.153739 0.988110 -0.001519 7.788693 -0.000126 0.001556 0.999999 -0.671094
0.988123 -0.153663 0.000364 65.876456 0.153664 0.988122 -0.001518 7.790029 -0.000126 0.001556 0.999999 -0.671194
0.988126 -0.153648 0.000363 65.883578 0.153648 0.988124 -0.001518 7.791057 -0.000126 0.001555 0.999999 -0.671267
0.988182 -0.153284 0.000362 65.889548 0.153284 0.988181 -0.001514 7.790750 -0.000126 0.001552 0.999999 -0.671326
0.988226 -0.153004 0.000361 65.898105 0.153005 0.988224 -0.001511 7.791073 -0.000126 0.001549 0.999999 -0.671412
0.988241 -0.152903 0.000361 65.902955 0.152904 0.988240 -0.001510 7.791480 -0.000126 0.001548 0.999999 -0.671461
0.988234 -0.152951 0.000361 65.910237 0.152951 0.988233 -0.001511 7.792722 -0.000126 0.001548 0.999999 -0.671536
0.988287 -0.152610 0.000360 65.916812 0.152611 0.988285 -0.001508 7.792558 -0.000126 0.001545 0.999999 -0.671602
0.988291 -0.152579 0.000360 65.919561 0.152579 0.988290 -0.001507 7.792875 -0.000126 0.001544 0.999999 -0.671630
0.988300 -0.152525 0.000360 65.919128 0.152525 0.988299 -0.001507 7.792755 -0.000126 0.001544 0.999999 -0.671625
0.988241 -0.152907 0.000361 65.913578 0.152907 0.988239 -0.001510 7.793400 -0.000126 0.001548 0.999999 -0.671571
0.988135 -0.153592 0.000363 65.910435 0.153592 0.988133 -0.001517 7.795423 -0.000126 0.001555 0.999999 -0.671542
0.988025 -0.154298 0.000366 65.900506 0.154298 0.988023 -0.001524 7.796505 -0.000126 0.001562 0.999999 -0.671445
0.987650 -0.156680 0.000373 65.959068 0.156680 0.987648 -0.001547 7.813461 -0.000126 0.001587 0.999999 -0.672057
0.987559 -0.157251 0.000375 66.014767 0.157251 0.987557 -0.001553 7.823583 -0.000126 0.001592 0.999999 -0.672631
0.987168 -0.159688 0.000383 66.068841 0.159688 0.987166 -0.001577 7.840114 -0.000126 0.001617 0.999999 -0.673198
0.986575 -0.163309 0.000394 66.176257 0.163309 0.986574 -0.001612 7.868728 -0.000126 0.001655 0.999999 -0.674317
0.986361 -0.164597 0.000399 66.206819 0.164597 0.986359 -0.001624 7.877859 -0.000126 0.001668 0.999999 -0.674638
0.985855 -0.167604 0.000408 66.299116 0.167604 0.985853 -0.001654 7.902372 -0.000125 0.001699 0.999999 -0.675600
0.984962 -0.172772 0.000426 66.417618 0.172772 0.984960 -0.001704 7.939039 -0.000125 0.001752 0.999998 -0.676843
0.984584 -0.174910 0.000433 66.470931 0.174910 0.984583 -0.001725 7.955013 -0.000124 0.001774 0.999998 -0.677402
0.983890 -0.178773 0.000446 66.550902 0.178773 0.983889 -0.001762 7.981653 -0.000124 0.001813 0.999998 -0.678244
0.982602 -0.185726 0.000470 66.715492 0.185726 0.982600 -0.001830 8.033818 -0.000122 0.001885 0.999998 -0.679973
0.982174 -0.187975 0.000478 66.766979 0.187975 0.982172 -0.001851 8.050670 -0.000121 0.001908 0.999998 -0.680515
0.981108 -0.193459 0.000497 66.903152 0.193459 0.981106 -0.001905 8.094036 -0.000119 0.001965 0.999998 -0.681945
0.979877 -0.199603 0.000519 67.057601 0.199603 0.979875 -0.001964 8.144025 -0.000117 0.002028 0.999998 -0.683570
0.979108 -0.203339 0.000533 67.159812 0.203339 0.979106 -0.002000 8.176510 -0.000115 0.002067 0.999998 -0.684643
0.978201 -0.207658 0.000549 67.278394 0.207659 0.978199 -0.002042 8.214873 -0.000113 0.002111 0.999998 -0.685890
0.976229 -0.216743 0.000583 67.499088 0.216743 0.976226 -0.002130 8.291467 -0.000107 0.002205 0.999998 -0.688219
0.975652 -0.219325 0.000593 67.568303 0.219326 0.975649 -0.002155 8.315009 -0.000106 0.002232 0.999998 -0.688949
0.974459 -0.224566 0.000613 67.757165 0.224567 0.974456 -0.002205 8.373365 -0.000102 0.002286 0.999997 -0.690931
0.972877 -0.231323 0.000640 67.963352 0.231324 0.972874 -0.002270 8.441957 -0.000097 0.002357 0.999997 -0.693102
0.971868 -0.235528 0.000656 68.088454 0.235529 0.971864 -0.002311 8.484839 -0.000094 0.002400 0.999997 -0.694421
0.970602 -0.240691 0.000677 68.221424 0.240692 0.970598 -0.002360 8.533672 -0.000089 0.002454 0.999997 -0.695829
0.968118 -0.250494 0.000718 68.481329 0.250495 0.968115 -0.002454 8.630342 -0.000080 0.002556 0.999997 -0.698582
0.967187 -0.254065 0.000733 68.564335 0.254066 0.967184 -0.002488 8.663497 -0.000076 0.002593 0.999997 -0.699465
0.965276 -0.261231 0.000763 68.770213 0.261232 0.965273 -0.002557 8.740819 -0.000069 0.002668 0.999996 -0.701647
0.962591 -0.270958 0.000806 69.034026 0.270959 0.962587 -0.002650 8.843797 -0.000057 0.002769 0.999996 -0.704449
0.961836 -0.273626 0.000817 69.126604 0.273627 0.961832 -0.002676 8.877976 -0.000054 0.002797 0.999996 -0.705429
0.960317 -0.278909 0.000841 69.272270 0.278910 0.960313 -0.002726 8.935970 -0.000047 0.002852 0.999996 -0.706978
0.958011 -0.286731 0.000877 69.527639 0.286733 0.958006 -0.002801 9.034781 -0.000037 0.002934 0.999996 -0.709689
0.957324 -0.289016 0.000887 69.600488 0.289018 0.957319 -0.002822 9.062928 -0.000034 0.002958 0.999996 -0.710463
0.955379 -0.295381 0.000917 69.778869 0.295382 0.955375 -0.002883 9.137047 -0.000024 0.003025 0.999995 -0.712365
0.953439 -0.301585 0.000946 69.955581 0.301586 0.953434 -0.002942 9.210095 -0.000015 0.003090 0.999995 -0.714248
0.952094 -0.305805 0.000966 70.056686 0.305807 0.952089 -0.002982 9.255895 -0.000008 0.003134 0.999995 -0.715332
0.950701 -0.310107 0.000987 70.174313 0.310108 0.950696 -0.003023 9.307637 -0.000001 0.003180 0.999995 -0.716591
0.948022 -0.318202 0.001027 70.392591 0.318204 0.948017 -0.003099 9.406678 0.000013 0.003265 0.999995 -0.718932
0.947039 -0.321118 0.001041 70.456625 0.321120 0.947033 -0.003127 9.438062 0.000018 0.003296 0.999995 -0.719622
0.944592 -0.328244 0.001077 70.626287 0.328245 0.944587 -0.003194 9.519890 0.000031 0.003371 0.999994 -0.721449
0.941687 -0.336488 0.001119 70.803708 0.336489 0.941681 -0.003272 9.608958 0.000047 0.003458 0.999994 -0.723365
0.939538 -0.342444 0.001150 70.909017 0.342446 0.939532 -0.003328 9.667318 0.000059 0.003521 0.999994 -0.724511
0.936465 -0.350759 0.001194 71.027084 0.350761 0.936459 -0.003407 9.739728 0.000077 0.003609 0.999994 -0.725807
0.929401 -0.369071 0.001294 71.224993 0.369073 0.929393 -0.003578 9.882739 0.000118 0.003803 0.999993 -0.728014
0.926818 -0.375509 0.001330 71.282486 0.375512 0.926810 -0.003639 9.929453 0.000134 0.003872 0.999993 -0.728663
0.920127 -0.391619 0.001422 71.420573 0.391622 0.920118 -0.003789 10.047433 0.000175 0.004044 0.999992 -0.730232
0.910404 -0.413717 0.001555 71.557754 0.413720 0.910395 -0.003995 10.192703 0.000237 0.004280 0.999991 -0.731835
0.904904 -0.425613 0.001629 71.641021 0.425616 0.904894 -0.004105 10.277639 0.000273 0.004408 0.999990 -0.732803
0.896149 -0.443749 0.001745 71.721376 0.443753 0.896139 -0.004272 10.389149 0.000332 0.004603 0.999989 -0.733785
0.879345 -0.476181 0.001965 71.855580 0.476185 0.879333 -0.004570 10.592091 0.000448 0.004954 0.999988 -0.735450
0.873611 -0.486621 0.002039 71.892415 0.486625 0.873598 -0.004665 10.655925 0.000489 0.005068 0.999987 -0.735920
0.857789 -0.513997 0.002241 71.976163 0.514002 0.857775 -0.004914 10.825132 0.000604 0.005367 0.999985 -0.737027
0.839646 -0.543129 0.002469 72.068664 0.543134 0.839630 -0.005176 11.016463 0.000739 0.005687 0.999984 -0.738257
0.828645 -0.559768 0.002605 72.121679 0.559773 0.828628 -0.005325 11.129536 0.000822 0.005871 0.999982 -0.738967
0.813248 -0.581910 0.002794 72.168819 0.581916 0.813230 -0.005522 11.269217 0.000941 0.006117 0.999981 -0.739661
0.785004 -0.619483 0.003137 72.234351 0.619490 0.784983 -0.005853 11.511795 0.001163 0.006537 0.999978 -0.740703
0.775215 -0.631689 0.003254 72.244457 0.631696 0.775193 -0.005959 11.585527 0.001242 0.006675 0.999977 -0.740921
0.751914 -0.659252 0.003531 72.272585 0.659260 0.751889 -0.006198 11.765852 0.001431 0.006988 0.999975 -0.741490
0.721121 -0.692798 0.003892 72.304506 0.692807 0.721094 -0.006484 12.000490 0.001685 0.007372 0.999971 -0.742182
0.710133 -0.704057 0.004020 72.317860 0.704066 0.710104 -0.006579 12.085545 0.001777 0.007503 0.999970 -0.742451
0.691744 -0.722131 0.004233 72.330677 0.722140 0.691714 -0.006731 12.219984 0.001933 0.007713 0.999968 -0.742794
0.659214 -0.751942 0.004606 72.349626 0.751952 0.659180 -0.006977 12.455621 0.002210 0.008062 0.999965 -0.743359
0.648456 -0.761237 0.004728 72.346971 0.761248 0.648422 -0.007053 12.524364 0.002303 0.008173 0.999964 -0.743441
0.622393 -0.782689 0.005023 72.348303 0.782701 0.622356 -0.007226 12.703461 0.002530 0.008429 0.999961 -0.743740
0.587422 -0.809263 0.005415 72.344713 0.809276 0.587381 -0.007436 12.945513 0.002837 0.008750 0.999958 -0.744090
0.573228 -0.819377 0.005573 72.339969 0.819391 0.573186 -0.007514 13.039246 0.002963 0.008874 0.999956 -0.744191
0.554333 -0.832275 0.005782 72.325955 0.832289 0.554289 -0.007613 13.151505 0.003131 0.009033 0.999954 -0.744230
0.517718 -0.855529 0.006186 72.310107 0.855544 0.517671 -0.007788 13.390755 0.003460 0.009324 0.999951 -0.744453
0.506582 -0.862169 0.006307 72.300835 0.862184 0.506533 -0.007836 13.461238 0.003561 0.009408 0.999950 -0.744472
0.477389 -0.878667 0.006626 72.273659 0.878684 0.477338 -0.007955 13.642134 0.003827 0.009619 0.999947 -0.744489
0.444843 -0.895581 0.006978 72.236482 0.895599 0.444789 -0.008072 13.838667 0.004125 0.009840 0.999943 -0.744430
0.425389 -0.904982 0.007188 72.212030 0.905000 0.425333 -0.008135 13.952258 0.004305 0.009965 0.999941 -0.744366
0.401003 -0.916047 0.007449 72.173494 0.916066 0.400944 -0.008207 14.084662 0.004531 0.010115 0.999939 -0.744192
0.356888 -0.934114 0.007919 72.101768 0.934134 0.356825 -0.008317 14.331701 0.004944 0.010366 0.999934 -0.743868
0.343285 -0.939197 0.008063 72.077174 0.939217 0.343221 -0.008346 14.408352 0.005072 0.010438 0.999933 -0.743744
0.309449 -0.950879 0.008420 72.016552 0.950901 0.309381 -0.008409 14.597899 0.005391 0.010609 0.999929 -0.743440
0.264512 -0.964341 0.008891 71.923521 0.964365 0.264440 -0.008472 14.838594 0.005819 0.010815 0.999925 -0.742893
0.248374 -0.968622 0.009059 71.891339 0.968646 0.248300 -0.008490 14.932857 0.005974 0.010884 0.999923 -0.742721
0.221420 -0.975134 0.009339 71.830582 0.975159 0.221343 -0.008512 15.081898 0.006233 0.010992 0.999920 -0.742351
0.173881 -0.984718 0.009830 71.719155 0.984744 0.173800 -0.008532 15.343559 0.006693 0.011163 0.999915 -0.741653
0.157895 -0.987405 0.009994 71.676196 0.987432 0.157813 -0.008533 15.420501 0.006849 0.011216 0.999914 -0.741346
0.122617 -0.992400 0.010355 71.586847 0.992428 0.122531 -0.008527 15.619427 0.007194 0.011322 0.999910 -0.740769
0.082908 -0.996499 0.010758 71.478285 0.996528 0.082819 -0.008505 15.824808 0.007584 0.011426 0.999906 -0.740011
0.059558 -0.998164 0.010994 71.409705 0.998194 0.059466 -0.008484 15.945602 0.007815 0.011480 0.999904 -0.739517
0.031152 -0.999451 0.011281 71.321755 0.999482 0.031057 -0.008452 16.080767 0.008097 0.011538 0.999901 -0.738853
-0.018191 -0.999765 0.011775 71.160511 0.999797 -0.018291 -0.008377 16.330887 0.008590 0.011620 0.999896 -0.737639
-0.034031 -0.999350 0.011932 71.104242 0.999382 -0.034132 -0.008347 16.405414 0.008749 0.011641 0.999894 -0.737195
-0.070666 -0.997424 0.012296 70.972453 0.997458 -0.070771 -0.008270 16.598708 0.009118 0.011680 0.999890 -0.736185
-0.114777 -0.993310 0.012730 70.803237 0.993345 -0.114886 -0.008158 16.849795 0.009566 0.011709 0.999886 -0.734893
-0.128456 -0.991632 0.012864 70.746972 0.991668 -0.128567 -0.008120 16.946505 0.009706 0.011714 0.999885 -0.734484
-0.151339 -0.988395 0.013088 70.651282 0.988432 -0.151452 -0.008051 17.088053 0.009940 0.011718 0.999882 -0.733752
-0.186265 -0.982408 0.013428 70.500555 0.982445 -0.186381 -0.007935 17.320096 0.010298 0.011714 0.999879 -0.732615
-0.196414 -0.980428 0.013526 70.459047 0.980466 -0.196531 -0.007899 17.383409 0.010403 0.011710 0.999878 -0.732300
-0.218445 -0.975752 0.013739 70.356624 0.975791 -0.218564 -0.007818 17.533993 0.010631 0.011699 0.999875 -0.731516
-0.240049 -0.970660 0.013947 70.250844 0.970700 -0.240171 -0.007732 17.694410 0.010855 0.011682 0.999873 -0.730714
-0.251230 -0.967825 0.014054 70.189623 0.967865 -0.251352 -0.007686 17.788565 0.010971 0.011672 0.999872 -0.730251
-0.262413 -0.964852 0.014161 70.122957 0.964892 -0.262536 -0.007638 17.899762 0.011088 0.011660 0.999871 -0.729762
-0.281230 -0.959533 0.014341 69.992731 0.959574 -0.281355 -0.007555 18.117473 0.011284 0.011636 0.999869 -0.728806
-0.286668 -0.957922 0.014393 69.947345 0.957962 -0.286794 -0.007531 18.188162 0.011341 0.011629 0.999868 -0.728465
-0.299780 -0.953898 0.014517 69.838953 0.953939 -0.299907 -0.007469 18.375056 0.011479 0.011610 0.999867 -0.727679
-0.313652 -0.949425 0.014649 69.709440 0.949467 -0.313780 -0.007403 18.593707 0.011625 0.011587 0.999865 -0.726732
-0.322136 -0.946579 0.014729 69.631785 0.946621 -0.322265 -0.007361 18.729353 0.011714 0.011572 0.999865 -0.726171
-0.330539 -0.943676 0.014809 69.540218 0.943718 -0.330669 -0.007318 18.889672 0.011803 0.011556 0.999864 -0.725511
-0.346895 -0.937784 0.014963 69.370627 0.937827 -0.347027 -0.007233 19.183046 0.011976 0.011524 0.999862 -0.724282
-0.351341 -0.936127 0.015005 69.319902 0.936170 -0.351473 -0.007210 19.269871 0.012023 0.011514 0.999862 -0.723913
-0.362237 -0.931964 0.015107 69.190086 0.932007 -0.362370 -0.007151 19.502216 0.012138 0.011490 0.999860 -0.722985
-0.378006 -0.925677 0.015255 69.015385 0.925721 -0.378141 -0.007063 19.792669 0.012306 0.011452 0.999859 -0.721700
-0.384797 -0.922874 0.015318 68.947284 0.922918 -0.384933 -0.007024 19.896416 0.012379 0.011435 0.999858 -0.721185
-0.395814 -0.918201 0.015421 68.838865 0.918245 -0.395950 -0.006960 20.058521 0.012496 0.011406 0.999857 -0.720359
-0.419379 -0.907676 0.015640 68.613650 0.907721 -0.419518 -0.006817 20.359985 0.012749 0.011338 0.999855 -0.718586
-0.426251 -0.904469 0.015704 68.546718 0.904514 -0.426390 -0.006774 20.446067 0.012822 0.011317 0.999854 -0.718054
-0.444789 -0.895494 0.015875 68.367607 0.895540 -0.444930 -0.006654 20.666121 0.013022 0.011257 0.999852 -0.716614
-0.470748 -0.882120 0.016113 68.149640 0.882167 -0.470892 -0.006479 20.889184 0.013303 0.011164 0.999849 -0.714789
-0.486140 -0.873729 0.016253 68.011711 0.873776 -0.486285 -0.006371 21.027587 0.013470 0.011105 0.999848 -0.713630
-0.508236 -0.861061 0.016454 67.837372 0.861108 -0.508383 -0.006209 21.172527 0.013711 0.011013 0.999846 -0.712118
-0.548185 -0.836188 0.016814 67.508612 0.836237 -0.548336 -0.005897 21.420004 0.014151 0.010828 0.999841 -0.709224
-0.562395 -0.826695 0.016941 67.402175 0.826744 -0.562548 -0.005779 21.483458 0.014308 0.010756 0.999840 -0.708261
-0.595828 -0.802927 0.017238 67.126666 0.802978 -0.595983 -0.005488 21.645496 0.014680 0.010571 0.999836 -0.705763
-0.634681 -0.772574 0.017578 66.810942 0.772626 -0.634841 -0.005123 21.795571 0.015117 0.010330 0.999832 -0.702845
-0.656618 -0.754013 0.017768 66.619714 0.754066 -0.656780 -0.004902 21.877513 0.015366 0.010179 0.999830 -0.701063
-0.684362 -0.728919 0.018005 66.384175 0.728973 -0.684527 -0.004607 21.958928 0.015683 0.009972 0.999827 -0.698838
-0.729747 -0.683470 0.018387 65.943073 0.683524 -0.729916 -0.004080 22.107594 0.016209 0.009590 0.999823 -0.694663
-0.744280 -0.667611 0.018507 65.804376 0.667666 -0.744450 -0.003899 22.140116 0.016380 0.009455 0.999821 -0.693328
-0.775624 -0.630916 0.018762 65.465610 0.630972 -0.775797 -0.003482 22.225986 0.016752 0.009138 0.999818 -0.690077
-0.808786 -0.587794 0.019025 65.086633 0.587852 -0.808963 -0.002998 22.298479 0.017152 0.008759 0.999815 -0.686402
-0.826407 -0.562747 0.019161 64.854555 0.562805 -0.826585 -0.002719 22.343265 0.017368 0.008537 0.999813 -0.684153
-0.846742 -0.531653 0.019315 64.584678 0.531712 -0.846922 -0.002376 22.378360 0.017621 0.008258 0.999811 -0.681510
-0.879130 -0.476181 0.019550 64.089862 0.476241 -0.879313 -0.001769 22.431915 0.018033 0.007755 0.999808 -0.676647
-0.887948 -0.459525 0.019612 63.947440 0.459585 -0.888132 -0.001589 22.439347 0.018148 0.007603 0.999807 -0.675234
-0.909220 -0.415847 0.019755 63.564414 0.415908 -0.909406 -0.001118 22.454201 0.018430 0.007200 0.999804 -0.671428
-0.927176 -0.374098 0.019868 63.181927 0.374159 -0.927364 -0.000672 22.460606 0.018677 0.006811 0.999803 -0.667613
-0.936766 -0.349388 0.019925 62.936496 0.349450 -0.936955 -0.000410 22.466204 0.018812 0.006579 0.999802 -0.665167
-0.946940 -0.320788 0.019981 62.665292 0.320850 -0.947130 -0.000108 22.461244 0.018959 0.006309 0.999801 -0.662447
-0.961755 -0.273175 0.020053 62.165922 0.273237 -0.961946 0.000392 22.451144 0.019183 0.005857 0.999799 -0.657437
-0.965748 -0.258705 0.020070 62.019580 0.258768 -0.965939 0.000543 22.441231 0.019246 0.005718 0.999799 -0.655958
-0.973208 -0.229045 0.020098 61.652248 0.229108 -0.973400 0.000852 22.433890 0.019368 0.005433 0.999798 -0.652273
-0.980937 -0.193281 0.020118 61.180604 0.193344 -0.981130 0.001222 22.417253 0.019502 0.005088 0.999797 -0.647530
-0.983178 -0.181535 0.020122 61.014225 0.181598 -0.983371 0.001343 22.410709 0.019543 0.004974 0.999797 -0.645856
-0.986199 -0.164337 0.020124 60.728102 0.164400 -0.986392 0.001520 22.406667 0.019601 0.004807 0.999796 -0.642988
-0.990346 -0.137146 0.020123 60.234992 0.137209 -0.990540 0.001798 22.397282 0.019686 0.004542 0.999796 -0.638042
-0.991163 -0.131117 0.020121 60.087634 0.131180 -0.991356 0.001860 22.399687 0.019703 0.004483 0.999796 -0.636572
-0.992879 -0.117419 0.020116 59.713960 0.117483 -0.993073 0.001999 22.405350 0.019742 0.004349 0.999796 -0.632844
-0.994620 -0.101624 0.020109 59.235109 0.101687 -0.994814 0.002160 22.412249 0.019785 0.004193 0.999796 -0.628066
-0.995132 -0.096478 0.020106 59.063110 0.096541 -0.995326 0.002212 22.414810 0.019798 0.004143 0.999796 -0.626350
-0.995943 -0.087708 0.020100 58.650583 0.087772 -0.996138 0.002301 22.429339 0.019820 0.004056 0.999796 -0.622248
-0.996541 -0.080630 0.020095 58.274010 0.080693 -0.996736 0.002373 22.442208 0.019838 0.003986 0.999796 -0.618503
-0.997125 -0.073065 0.020088 57.913552 0.073128 -0.997319 0.002450 22.450288 0.019855 0.003912 0.999795 -0.614911
-0.997330 -0.070203 0.020086 57.607071 0.070267 -0.997525 0.002479 22.467843 0.019862 0.003883 0.999795 -0.611874
-0.997762 -0.063778 0.020080 57.256288 0.063841 -0.997956 0.002544 22.475113 0.019877 0.003820 0.999795 -0.608378
-0.998117 -0.057953 0.020074 56.928657 0.058016 -0.998312 0.002602 22.479210 0.019889 0.003762 0.999795 -0.605108
-0.998332 -0.054128 0.020070 56.564451 0.054191 -0.998527 0.002641 22.492151 0.019898 0.003724 0.999795 -0.601486
