1.000000 0.000000 0.000000 0.000000 0.000000 1.000000 0.000000 0.000000 0.000000 0.000000 1.000000 0.000000
1.000000 -0.000259 0.000000 0.008314 0.000259 1.000000 -0.000003 0.000769 -0.000000 0.000003 1.000000 -0.000084
1.000000 -0.000091 0.000000 0.054437 0.000091 1.000000 -0.000001 -0.000445 -0.000000 0.000001 1.000000 -0.000544
1.000000 -0.000833 0.000001 0.183694 0.000833 1.000000 -0.000008 0.000320 -0.000001 0.000008 1.000000 -0.001838
1.000000 -0.000669 0.000001 0.278759 0.000669 1.000000 -0.000007 -0.001501 -0.000001 0.000007 1.000000 -0.002785
1.000000 -0.000689 0.000001 0.448428 0.000689 1.000000 -0.000007 -0.003709 -0.000001 0.000007 1.000000 -0.004479
0.999998 -0.002197 0.000004 0.751305 0.002197 0.999998 -0.000022 -0.002487 -0.000003 0.000022 1.000000 -0.007509
0.999995 -0.003039 0.000005 0.885113 0.003039 0.999995 -0.000030 -0.001187 -0.000005 0.000030 1.000000 -0.008850
0.999994 -0.003614 0.000006 1.169816 0.003614 0.999993 -0.000036 -0.002454 -0.000006 0.000036 1.000000 -0.011695
0.999984 -0.005642 0.000009 1.460797 0.005642 0.999984 -0.000056 0.001573 -0.000009 0.000056 1.000000 -0.014611
0.999981 -0.006125 0.000010 1.699075 0.006125 0.999981 -0.000061 0.001143 -0.000010 0.000061 1.000000 -0.016993
0.999978 -0.006659 0.000011 1.883893 0.006659 0.999978 -0.000067 0.001501 -0.000010 0.000067 1.000000 -0.018842
0.999966 -0.008298 0.000014 2.151419 0.008298 0.999966 -0.000083 0.005263 -0.000013 0.000083 1.000000 -0.021523
0.999961 -0.008785 0.000014 2.325513 0.008785 0.999961 -0.000088 0.005966 -0.000014 0.000088 1.000000 -0.023265
0.999951 -0.009949 0.000016 2.559876 0.009949 0.999951 -0.000099 0.008814 -0.000015 0.000100 1.000000 -0.025614
0.999938 -0.011155 0.000018 2.761035 0.011155 0.999938 -0.000111 0.012200 -0.000017 0.000112 1.000000 -0.027631
0.999918 -0.012784 0.000021 2.994725 0.012784 0.999918 -0.000128 0.017267 -0.000020 0.000128 1.000000 -0.029976
0.999912 -0.013284 0.000022 3.211430 0.013284 0.999912 -0.000133 0.018726 -0.000020 0.000133 1.000000 -0.032145
0.999901 -0.014105 0.000023 3.490173 0.014105 0.999900 -0.000141 0.021334 -0.000021 0.000141 1.000000 -0.034937
0.999886 -0.015093 0.000025 3.669071 0.015093 0.999886 -0.000151 0.024801 -0.000023 0.000151 1.000000 -0.036731
0.999869 -0.016193 0.000027 3.908615 0.016193 0.999869 -0.000162 0.028963 -0.000024 0.000162 1.000000 -0.039134
0.999854 -0.017106 0.000029 4.133235 0.017106 0.999854 -0.000171 0.032589 -0.000026 0.000171 1.000000 -0.041386
0.999818 -0.019073 0.000032 4.424648 0.019073 0.999818 -0.000190 0.040406 -0.000029 0.000191 1.000000 -0.044312
0.999813 -0.019350 0.000033 4.615892 0.019350 0.999813 -0.000193 0.042361 -0.000029 0.000194 1.000000 -0.046228
0.999792 -0.020381 0.000035 4.912367 0.020381 0.999792 -0.000203 0.047493 -0.000030 0.000204 1.000000 -0.049201
0.999792 -0.020413 0.000035 5.111363 0.020413 0.999792 -0.000204 0.048841 -0.000030 0.000204 1.000000 -0.051193
0.999798 -0.020076 0.000034 5.375295 0.020077 0.999798 -0.000200 0.049328 -0.000030 0.000201 1.000000 -0.053833
0.999792 -0.020393 0.000035 5.680320 0.020393 0.999792 -0.000204 0.052320 -0.000030 0.000204 1.000000 -0.056888
0.999793 -0.020333 0.000034 5.921890 0.020333 0.999793 -0.000203 0.053698 -0.000030 0.000204 1.000000 -0.059306
0.999800 -0.020012 0.000034 6.124457 0.020012 0.999800 -0.000200 0.053879 -0.000030 0.000200 1.000000 -0.061332
0.999796 -0.020195 0.000034 6.396400 0.020195 0.999796 -0.000202 0.056113 -0.000030 0.000202 1.000000 -0.064056
0.999795 -0.020220 0.000034 6.641949 0.020220 0.999795 -0.000202 0.057677 -0.000030 0.000203 1.000000 -0.066514
0.999796 -0.020200 0.000034 6.912260 0.020200 0.999796 -0.000202 0.059315 -0.000030 0.000202 1.000000 -0.069219
0.999798 -0.020092 0.000034 7.166900 0.020092 0.999798 -0.000201 0.060496 -0.000030 0.000201 1.000000 -0.071768
0.999791 -0.020465 0.000035 7.480682 0.020465 0.999790 -0.000204 0.063736 -0.000030 0.000205 1.000000 -0.074911
0.999793 -0.020362 0.000035 7.705671 0.020362 0.999793 -0.000203 0.064862 -0.000030 0.000204 1.000000 -0.077163
0.999791 -0.020441 0.000035 8.019532 0.020441 0.999791 -0.000204 0.067081 -0.000030 0.000205 1.000000 -0.080305
0.999801 -0.019953 0.000034 8.231952 0.019954 0.999801 -0.000199 0.066740 -0.000030 0.000200 1.000000 -0.082429
0.999829 -0.018478 0.000031 8.563064 0.018478 0.999829 -0.000185 0.063506 -0.000028 0.000185 1.000000 -0.085735
0.999850 -0.017313 0.000029 8.783952 0.017313 0.999850 -0.000173 0.060513 -0.000026 0.000173 1.000000 -0.087939
0.999902 -0.013992 0.000023 9.069657 0.013993 0.999902 -0.000140 0.049800 -0.000021 0.000140 1.000000 -0.090779
0.999953 -0.009667 0.000016 9.328939 0.009667 0.999953 -0.000097 0.034805 -0.000015 0.000097 1.000000 -0.093348
0.999988 -0.004913 0.000008 9.611639 0.004913 0.999988 -0.000049 0.016745 -0.000008 0.000049 1.000000 -0.096146
1.000000 0.000523 -0.000001 9.865025 -0.000523 1.000000 0.000005 -0.004636 0.000001 -0.000005 1.000000 -0.098646
0.999982 0.005929 -0.000009 10.146540 -0.005929 0.999982 0.000059 -0.027959 0.000010 -0.000059 1.000000 -0.101424
0.999947 0.010280 -0.000016 10.415761 -0.010280 0.999947 0.000103 -0.048283 0.000017 -0.000103 1.000000 -0.104084
0.999845 0.017617 -0.000027 10.705760 -0.017617 0.999845 0.000176 -0.081107 0.000030 -0.000176 1.000000 -0.106932
0.999661 0.026029 -0.000038 11.052804 -0.026029 0.999661 0.000261 -0.122179 0.000045 -0.000260 1.000000 -0.110337
0.999505 0.031447 -0.000045 11.243437 -0.031447 0.999505 0.000315 -0.148586 0.000055 -0.000314 1.000000 -0.112202
0.999189 0.040259 -0.000056 11.569119 -0.040259 0.999189 0.000404 -0.194654 0.000072 -0.000401 1.000000 -0.115385
0.998978 0.045190 -0.000062 11.835758 -0.045190 0.998978 0.000454 -0.226158 0.000082 -0.000450 1.000000 -0.118001
0.998690 0.051169 -0.000068 12.036618 -0.051169 0.998690 0.000514 -0.259203 0.000095 -0.000510 1.000000 -0.119957
0.998337 0.057641 -0.000075 12.315152 -0.057641 0.998337 0.000579 -0.300103 0.000108 -0.000574 1.000000 -0.122678
0.998044 0.062515 -0.000080 12.549303 -0.062515 0.998044 0.000628 -0.334274 0.000119 -0.000622 1.000000 -0.124965
0.997721 0.067475 -0.000085 12.816077 -0.067475 0.997720 0.000678 -0.372166 0.000130 -0.000671 1.000000 -0.127572
0.997383 0.072306 -0.000089 13.123469 -0.072305 0.997382 0.000727 -0.414333 0.000141 -0.000719 1.000000 -0.130579
0.997175 0.075120 -0.000091 13.321420 -0.075120 0.997174 0.000756 -0.441221 0.000148 -0.000747 1.000000 -0.132516
0.996918 0.078455 -0.000094 13.543074 -0.078455 0.996917 0.000789 -0.472714 0.000156 -0.000780 1.000000 -0.134683
0.996637 0.081937 -0.000097 13.817889 -0.081937 0.996637 0.000825 -0.510420 0.000164 -0.000814 1.000000 -0.137371
0.996475 0.083885 -0.000098 14.008280 -0.083885 0.996475 0.000844 -0.535242 0.000169 -0.000833 1.000000 -0.139235
0.996277 0.086206 -0.000100 14.256640 -0.086206 0.996277 0.000868 -0.567649 0.000175 -0.000856 1.000000 -0.141667
0.996132 0.087869 -0.000101 14.527918 -0.087869 0.996131 0.000885 -0.600490 0.000179 -0.000873 1.000000 -0.144328
0.996040 0.088912 -0.000102 14.734146 -0.088912 0.996039 0.000895 -0.625010 0.000181 -0.000883 1.000000 -0.146351
0.996092 0.088321 -0.000102 14.906777 -0.088320 0.996092 0.000889 -0.640589 0.000180 -0.000877 1.000000 -0.148053
0.996277 0.086215 -0.000100 15.132125 -0.086215 0.996276 0.000868 -0.656018 0.000175 -0.000856 1.000000 -0.150282
0.996599 0.082399 -0.000097 15.324649 -0.082399 0.996599 0.000829 -0.661871 0.000165 -0.000819 1.000000 -0.152198
0.997246 0.074167 -0.000091 15.570850 -0.074167 0.997245 0.000746 -0.656440 0.000146 -0.000737 1.000000 -0.154668
0.997716 0.067556 -0.000085 15.729010 -0.067556 0.997715 0.000679 -0.647226 0.000130 -0.000672 1.000000 -0.156265
0.998322 0.057910 -0.000075 15.934848 -0.057910 0.998322 0.000582 -0.629918 0.000109 -0.000576 1.000000 -0.158351
0.999017 0.044330 -0.000061 16.161451 -0.044329 0.999017 0.000445 -0.598216 0.000080 -0.000442 1.000000 -0.160667
0.999479 0.032275 -0.000046 16.329144 -0.032275 0.999479 0.000324 -0.565529 0.000057 -0.000322 1.000000 -0.162396
0.999745 0.022566 -0.000033 16.474793 -0.022565 0.999745 0.000226 -0.538557 0.000038 -0.000225 1.000000 -0.163896
0.999959 0.009081 -0.000014 16.663537 -0.009081 0.999959 0.000091 -0.498634 0.000015 -0.000091 1.000000 -0.165847
0.999991 -0.004377 0.000007 16.824636 0.004377 0.999990 -0.000044 -0.455651 -0.000007 0.000044 1.000000 -0.167526
0.999778 -0.021077 0.000036 17.029504 0.021077 0.999778 -0.000210 -0.399585 -0.000031 0.000211 1.000000 -0.169664
0.999336 -0.036440 0.000065 17.206457 0.036440 0.999336 -0.000363 -0.345136 -0.000051 0.000365 1.000000 -0.171521
0.998623 -0.052452 0.000097 17.368708 0.052452 0.998623 -0.000522 -0.286670 -0.000070 0.000527 1.000000 -0.173236
0.997835 -0.065763 0.000126 17.506396 0.065763 0.997835 -0.000654 -0.235951 -0.000083 0.000661 1.000000 -0.174694
0.996437 -0.084341 0.000170 17.678933 0.084341 0.996437 -0.000838 -0.162573 -0.000099 0.000849 1.000000 -0.176536
0.994668 -0.103126 0.000218 17.840477 0.103126 0.994668 -0.001023 -0.086819 -0.000111 0.001040 1.000000 -0.178273
0.991773 -0.128013 0.000286 18.041245 0.128014 0.991772 -0.001267 0.017911 -0.000122 0.001293 0.999999 -0.180447
0.988534 -0.151000 0.000355 18.215016 0.151000 0.988533 -0.001492 0.118533 -0.000126 0.001528 0.999999 -0.182345
0.985562 -0.169315 0.000414 18.344634 0.169315 0.985560 -0.001670 0.200597 -0.000125 0.001716 0.999999 -0.183772
0.981622 -0.190834 0.000488 18.503487 0.190835 0.981620 -0.001879 0.300913 -0.000120 0.001938 0.999998 -0.185520
0.976296 -0.216437 0.000582 18.672547 0.216438 0.976294 -0.002127 0.423172 -0.000108 0.002202 0.999998 -0.187406
0.968188 -0.250225 0.000717 18.880135 0.250226 0.968184 -0.002452 0.589306 -0.000080 0.002553 0.999997 -0.189746
0.962305 -0.271972 0.000810 19.023644 0.271973 0.962301 -0.002660 0.703090 -0.000056 0.002780 0.999996 -0.191363
0.955869 -0.293791 0.000909 19.148686 0.293793 0.955865 -0.002868 0.817443 -0.000027 0.003008 0.999995 -0.192795
0.945109 -0.326754 0.001069 19.334786 0.326756 0.945103 -0.003180 0.997450 0.000029 0.003355 0.999994 -0.194943
0.936994 -0.349344 0.001186 19.458000 0.349346 0.936988 -0.003393 1.124465 0.000074 0.003594 0.999993 -0.196378
0.923556 -0.383461 0.001375 19.639508 0.383464 0.923549 -0.003713 1.323659 0.000154 0.003957 0.999992 -0.198510
0.913573 -0.406672 0.001512 19.754002 0.406675 0.913564 -0.003929 1.462553 0.000217 0.004205 0.999991 -0.199876
0.899167 -0.437604 0.001705 19.896656 0.437607 0.899157 -0.004216 1.652122 0.000311 0.004537 0.999990 -0.201605
0.885630 -0.464388 0.001883 20.019738 0.464392 0.885619 -0.004462 1.822615 0.000404 0.004826 0.999988 -0.203107
0.869259 -0.494353 0.002095 20.154901 0.494357 0.869246 -0.004735 2.022359 0.000520 0.005152 0.999987 -0.204777
0.849145 -0.528155 0.002350 20.291030 0.528159 0.849130 -0.005041 2.252852 0.000667 0.005522 0.999984 -0.206505
0.833222 -0.552933 0.002548 20.391836 0.552938 0.833206 -0.005264 2.430378 0.000787 0.005795 0.999983 -0.207796
0.818567 -0.574405 0.002729 20.468780 0.574411 0.818549 -0.005455 2.584705 0.000900 0.006033 0.999981 -0.208811
0.794792 -0.606874 0.003019 20.575919 0.606881 0.794772 -0.005742 2.826524 0.001086 0.006396 0.999979 -0.210268
0.778604 -0.627508 0.003213 20.642771 0.627515 0.778582 -0.005923 2.987388 0.001215 0.006628 0.999977 -0.211193
0.753558 -0.657373 0.003511 20.734606 0.657381 0.753534 -0.006182 3.229511 0.001418 0.006966 0.999975 -0.212497
0.735499 -0.677516 0.003724 20.783641 0.677524 0.735474 -0.006354 3.393169 0.001566 0.007197 0.999973 -0.213248
0.707992 -0.706209 0.004045 20.855622 0.706218 0.707964 -0.006597 3.641299 0.001795 0.007527 0.999970 -0.214363
0.683290 -0.730135 0.004330 20.915476 0.730144 0.683259 -0.006797 3.863715 0.002004 0.007806 0.999967 -0.215315
0.660416 -0.750886 0.004592 20.959328 0.750897 0.660383 -0.006968 4.063041 0.002200 0.008050 0.999965 -0.216071
0.634053 -0.773274 0.004891 21.000528 0.773286 0.634017 -0.007150 4.287558 0.002428 0.008316 0.999962 -0.216841
0.610365 -0.792103 0.005158 21.032606 0.792116 0.610328 -0.007301 4.488509 0.002635 0.008542 0.999960 -0.217482
0.589635 -0.807652 0.005390 21.054843 0.807665 0.589595 -0.007423 4.658569 0.002817 0.008730 0.999958 -0.217975
0.559768 -0.828630 0.005722 21.088419 0.828644 0.559725 -0.007586 4.912760 0.003083 0.008988 0.999955 -0.218716
0.533471 -0.845797 0.006013 21.111913 0.845812 0.533426 -0.007715 5.136388 0.003318 0.009201 0.999952 -0.219307
0.510796 -0.859680 0.006261 21.129056 0.859695 0.510748 -0.007818 5.331467 0.003523 0.009376 0.999950 -0.219789
0.485274 -0.874338 0.006540 21.141955 0.874354 0.485224 -0.007924 5.548453 0.003755 0.009564 0.999947 -0.220264
0.463549 -0.886045 0.006776 21.154438 0.886062 0.463497 -0.008006 5.740765 0.003953 0.009715 0.999945 -0.220695
0.437145 -0.899363 0.007061 21.171920 0.899381 0.437090 -0.008098 5.992243 0.004196 0.009890 0.999942 -0.221270
0.423753 -0.905749 0.007205 21.180646 0.905768 0.423697 -0.008140 6.120392 0.004320 0.009976 0.999941 -0.221561
0.404178 -0.914651 0.007415 21.186728 0.914669 0.404120 -0.008198 6.303472 0.004502 0.010096 0.999939 -0.221914
0.375183 -0.926919 0.007725 21.191844 0.926938 0.375123 -0.008274 6.585112 0.004772 0.010265 0.999936 -0.222414
0.360771 -0.932621 0.007878 21.201415 0.932641 0.360709 -0.008309 6.745478 0.004907 0.010345 0.999934 -0.222765
0.346944 -0.937852 0.008024 21.210087 0.937872 0.346881 -0.008339 6.901973 0.005037 0.010419 0.999933 -0.223101
0.324497 -0.945851 0.008262 21.222719 0.945872 0.324431 -0.008383 7.153416 0.005249 0.010535 0.999931 -0.223627
0.312440 -0.949901 0.008389 21.228805 0.949922 0.312373 -0.008404 7.290966 0.005363 0.010594 0.999930 -0.223907
0.297144 -0.954795 0.008549 21.236640 0.954817 0.297075 -0.008429 7.474121 0.005508 0.010668 0.999928 -0.224277
0.280645 -0.959772 0.008722 21.239143 0.959795 0.280576 -0.008452 7.666014 0.005665 0.010744 0.999926 -0.224608
0.270856 -0.962580 0.008825 21.241317 0.962603 0.270785 -0.008465 7.793701 0.005759 0.010788 0.999925 -0.224833
0.262102 -0.964999 0.008916 21.247006 0.965022 0.262031 -0.008475 7.919947 0.005842 0.010826 0.999924 -0.225091
0.247980 -0.968723 0.009063 21.255516 0.968747 0.247907 -0.008490 8.131978 0.005978 0.010885 0.999923 -0.225514
0.239457 -0.970864 0.009152 21.258149 0.970888 0.239383 -0.008498 8.260003 0.006059 0.010920 0.999922 -0.225744
0.229817 -0.973190 0.009252 21.265971 0.973215 0.229742 -0.008506 8.421351 0.006152 0.010959 0.999921 -0.226079
0.218414 -0.975812 0.009370 21.273274 0.975836 0.218338 -0.008514 8.603364 0.006262 0.011003 0.999920 -0.226442
0.212674 -0.977078 0.009430 21.273946 0.977103 0.212598 -0.008517 8.682220 0.006317 0.011025 0.999919 -0.226575
0.202677 -0.979199 0.009533 21.282066 0.979225 0.202600 -0.008523 8.838155 0.006414 0.011062 0.999918 -0.226904
0.193383 -0.981076 0.009629 21.285854 0.981102 0.193304 -0.008527 8.960766 0.006504 0.011096 0.999917 -0.227137
0.186861 -0.982339 0.009696 21.284357 0.982365 0.186782 -0.008529 9.039539 0.006567 0.011119 0.999917 -0.227248
0.180939 -0.983446 0.009757 21.282690 0.983472 0.180860 -0.008530 9.111532 0.006625 0.011139 0.999916 -0.227346
0.171679 -0.985104 0.009852 21.278998 0.985130 0.171599 -0.008532 9.247184 0.006715 0.011171 0.999915 -0.227525
0.168362 -0.985676 0.009887 21.276446 0.985702 0.168281 -0.008533 9.293449 0.006747 0.011182 0.999915 -0.227573
0.160156 -0.987042 0.009971 21.266477 0.987068 0.160074 -0.008533 9.408261 0.006827 0.011208 0.999914 -0.227656
0.153163 -0.988150 0.010042 21.260187 0.988177 0.153080 -0.008533 9.531091 0.006895 0.011231 0.999913 -0.227789
0.150057 -0.988626 0.010074 21.258658 0.988653 0.149974 -0.008533 9.595722 0.006925 0.011240 0.999913 -0.227877
0.143763 -0.989560 0.010139 21.249985 0.989588 0.143679 -0.008532 9.693342 0.006987 0.011260 0.999912 -0.227945
0.135010 -0.990792 0.010228 21.234658 0.990819 0.134926 -0.008531 9.841747 0.007072 0.011286 0.999911 -0.228028
0.132535 -0.991125 0.010253 21.233074 0.991153 0.132451 -0.008530 9.904113 0.007096 0.011293 0.999911 -0.228112
0.125342 -0.992060 0.010327 21.220247 0.992088 0.125257 -0.008528 10.014770 0.007167 0.011314 0.999910 -0.228160
0.116676 -0.993115 0.010415 21.207360 0.993144 0.116590 -0.008525 10.161480 0.007252 0.011338 0.999909 -0.228265
0.111895 -0.993665 0.010464 21.201196 0.993693 0.111809 -0.008523 10.247735 0.007299 0.011352 0.999909 -0.228340
0.103477 -0.994576 0.010550 21.185044 0.994604 0.103390 -0.008518 10.349260 0.007381 0.011374 0.999908 -0.228341
0.094652 -0.995454 0.010639 21.167499 0.995482 0.094564 -0.008513 10.456702 0.007468 0.011397 0.999907 -0.228336
0.091848 -0.995716 0.010668 21.162951 0.995745 0.091760 -0.008511 10.505073 0.007496 0.011404 0.999907 -0.228368
0.083213 -0.996474 0.010755 21.140746 0.996503 0.083124 -0.008505 10.598762 0.007581 0.011425 0.999906 -0.228295
0.070137 -0.997478 0.010888 21.102425 0.997508 0.070046 -0.008494 10.726595 0.007710 0.011456 0.999905 -0.228115
0.064533 -0.997856 0.010944 21.085387 0.997885 0.064442 -0.008489 10.789901 0.007766 0.011469 0.999904 -0.228046
0.052186 -0.998576 0.011069 21.047863 0.998606 0.052094 -0.008477 10.932148 0.007888 0.011496 0.999903 -0.227897
0.039013 -0.999176 0.011202 21.007234 0.999207 0.038920 -0.008462 11.093112 0.008019 0.011523 0.999902 -0.227747
0.032531 -0.999407 0.011267 20.987483 0.999438 0.032437 -0.008454 11.179241 0.008083 0.011535 0.999901 -0.227687
0.015646 -0.999812 0.011436 20.932228 0.999844 0.015550 -0.008431 11.351411 0.008251 0.011566 0.999899 -0.227408
-0.003605 -0.999926 0.011629 20.866980 0.999958 -0.003703 -0.008401 11.529849 0.008444 0.011598 0.999897 -0.227040
-0.018849 -0.999753 0.011781 20.814104 0.999785 -0.018948 -0.008375 11.652342 0.008597 0.011621 0.999896 -0.226706
-0.035277 -0.999306 0.011945 20.755535 0.999339 -0.035377 -0.008345 11.776304 0.008762 0.011642 0.999894 -0.226318
-0.068257 -0.997592 0.012272 20.634237 0.997626 -0.068361 -0.008275 12.002950 0.009094 0.011678 0.999891 -0.225466
-0.087870 -0.996054 0.012465 20.559654 0.996089 -0.087976 -0.008228 12.129890 0.009293 0.011694 0.999889 -0.224922
-0.110824 -0.993759 0.012691 20.470751 0.993794 -0.110932 -0.008169 12.268316 0.009526 0.011707 0.999886 -0.224254
-0.141337 -0.989876 0.012990 20.345731 0.989913 -0.141449 -0.008082 12.455367 0.009837 0.011717 0.999883 -0.223301
-0.157992 -0.987353 0.013153 20.273607 0.987390 -0.158105 -0.008030 12.555417 0.010008 0.011718 0.999881 -0.222739
-0.184451 -0.982750 0.013410 20.158418 0.982788 -0.184566 -0.007942 12.699181 0.010280 0.011714 0.999879 -0.221817
-0.221976 -0.974955 0.013773 19.982147 0.974994 -0.222095 -0.007804 12.929188 0.010667 0.011696 0.999875 -0.220420
-0.242741 -0.969991 0.013973 19.881619 0.970030 -0.242861 -0.007721 13.053559 0.010883 0.011680 0.999873 -0.219613
-0.264475 -0.964288 0.014181 19.773168 0.964329 -0.264598 -0.007630 13.176862 0.011109 0.011657 0.999870 -0.218725
-0.300567 -0.953650 0.014525 19.583464 0.953692 -0.300694 -0.007466 13.385054 0.011487 0.011608 0.999867 -0.217159
-0.317537 -0.948132 0.014686 19.489150 0.948174 -0.317665 -0.007383 13.487044 0.011666 0.011580 0.999865 -0.216378
-0.340967 -0.939957 0.014907 19.352215 0.940000 -0.341098 -0.007264 13.636762 0.011913 0.011536 0.999862 -0.215247
-0.377542 -0.925867 0.015250 19.129250 0.925911 -0.377676 -0.007065 13.861156 0.012301 0.011453 0.999859 -0.213375
-0.390752 -0.920368 0.015374 19.043080 0.920412 -0.390887 -0.006989 13.947810 0.012442 0.011419 0.999857 -0.212651
-0.417696 -0.908453 0.015624 18.862913 0.908498 -0.417834 -0.006827 14.112252 0.012731 0.011343 0.999855 -0.211112
-0.451337 -0.892212 0.015935 18.619242 0.892258 -0.451478 -0.006611 14.331570 0.013093 0.011234 0.999851 -0.209024
-0.471939 -0.881484 0.016124 18.464063 0.881531 -0.472082 -0.006471 14.462166 0.013316 0.011160 0.999849 -0.207680
-0.500012 -0.865864 0.016380 18.248239 0.865911 -0.500158 -0.006270 14.632311 0.013622 0.011048 0.999846 -0.205793
-0.531736 -0.846746 0.016666 17.984377 0.846795 -0.531885 -0.006028 14.838842 0.013969 0.010908 0.999843 -0.203483
-0.553033 -0.832989 0.016858 17.801831 0.833039 -0.553184 -0.005857 14.971486 0.014204 0.010804 0.999841 -0.201869
-0.579385 -0.814875 0.017092 17.568587 0.814925 -0.579539 -0.005634 15.130429 0.014496 0.010665 0.999838 -0.199789
-0.612682 -0.790139 0.017386 17.272720 0.790190 -0.612839 -0.005333 15.301949 0.014869 0.010470 0.999835 -0.197104
-0.634892 -0.772401 0.017580 17.067399 0.772453 -0.635051 -0.005121 15.411000 0.015119 0.010328 0.999832 -0.195224
-0.664455 -0.747116 0.017835 16.777840 0.747169 -0.664617 -0.004821 15.556850 0.015455 0.010123 0.999829 -0.192561
-0.697662 -0.716198 0.018118 16.427382 0.716252 -0.697827 -0.004459 15.722327 0.015836 0.009866 0.999826 -0.189320
-0.719279 -0.694481 0.018299 16.192815 0.694536 -0.719446 -0.004207 15.818346 0.016087 0.009684 0.999824 -0.187127
-0.744592 -0.667263 0.018509 15.908083 0.667319 -0.744762 -0.003895 15.922624 0.016384 0.009452 0.999821 -0.184446
-0.776086 -0.630349 0.018765 15.525975 0.630405 -0.776258 -0.003475 16.044966 0.016757 0.009133 0.999818 -0.180819
-0.792764 -0.609236 0.018899 15.318276 0.609293 -0.792939 -0.003238 16.098696 0.016958 0.008948 0.999816 -0.178828
-0.814347 -0.580065 0.019068 15.012393 0.580123 -0.814524 -0.002912 16.180715 0.017220 0.008691 0.999814 -0.175899
-0.845192 -0.534115 0.019303 14.526530 0.534174 -0.845371 -0.002403 16.294609 0.017602 0.008280 0.999811 -0.171222
-0.854952 -0.518345 0.019376 14.344009 0.518404 -0.855133 -0.002230 16.340165 0.017725 0.008138 0.999810 -0.169469
-0.874456 -0.484713 0.019517 13.985316 0.484773 -0.874638 -0.001862 16.403245 0.017973 0.007833 0.999808 -0.165983
-0.894975 -0.445683 0.019660 13.520151 0.445743 -0.895160 -0.001439 16.493993 0.018240 0.007475 0.999806 -0.161475
-0.906450 -0.421852 0.019737 13.238194 0.421913 -0.906636 -0.001183 16.537824 0.018393 0.007255 0.999805 -0.158726
-0.919956 -0.391521 0.019824 12.870014 0.391582 -0.920143 -0.000858 16.586707 0.018577 0.006973 0.999803 -0.155122
-0.932994 -0.359342 0.019903 12.431170 0.359404 -0.933182 -0.000515 16.647491 0.018758 0.006672 0.999802 -0.150830
-0.940319 -0.339711 0.019945 12.145122 0.339773 -0.940507 -0.000307 16.685031 0.018863 0.006488 0.999801 -0.148029
-0.947672 -0.318621 0.019985 11.810959 0.318684 -0.947861 -0.000085 16.729205 0.018970 0.006289 0.999800 -0.144758
-0.955384 -0.294689 0.020024 11.386510 0.294752 -0.955574 0.000167 16.786229 0.019085 0.006062 0.999799 -0.140604
-0.959599 -0.280656 0.020044 11.146014 0.280719 -0.959790 0.000314 16.812140 0.019150 0.005928 0.999799 -0.138240
-0.966393 -0.256284 0.020073 10.659039 0.256347 -0.966585 0.000569 16.870255 0.019256 0.005695 0.999798 -0.133463
-0.970722 -0.239367 0.020089 10.274960 0.239430 -0.970913 0.000745 16.915438 0.019327 0.005533 0.999798 -0.129694
-0.973862 -0.226252 0.020100 9.944142 0.226316 -0.974054 0.000881 16.955759 0.019379 0.005407 0.999798 -0.126450
-0.977965 -0.207801 0.020111 9.415464 0.207864 -0.978157 0.001072 17.020211 0.019449 0.005229 0.999797 -0.121265
-0.979152 -0.202133 0.020114 9.207837 0.202196 -0.979345 0.001130 17.049157 0.019470 0.005174 0.999797 -0.119235
-0.981707 -0.189336 0.020119 8.825640 0.189399 -0.981900 0.001262 17.089476 0.019516 0.005050 0.999797 -0.115477
-0.984567 -0.173850 0.020123 8.338772 0.173913 -0.984760 0.001422 17.136681 0.019569 0.004900 0.999796 -0.110683
-0.985691 -0.167360 0.020124 8.094581 0.167423 -0.985884 0.001489 17.161094 0.019591 0.004836 0.999796 -0.108280
-0.986803 -0.160669 0.020125 7.743818 0.160733 -0.986997 0.001557 17.203934 0.019613 0.004771 0.999796 -0.104841
-0.988752 -0.148202 0.020124 7.215375 0.148266 -0.988946 0.001685 17.256448 0.019652 0.004650 0.999796 -0.099640
-0.989326 -0.144324 0.020124 7.015758 0.144388 -0.989520 0.001725 17.276611 0.019664 0.004612 0.999796 -0.097676
-0.990375 -0.136937 0.020123 6.624281 0.137001 -0.990569 0.001800 17.316175 0.019686 0.004540 0.999796 -0.093824
-0.991821 -0.126042 0.020120 6.129145 0.126106 -0.992015 0.001911 17.356568 0.019718 0.004433 0.999796 -0.088937
-0.992467 -0.120854 0.020118 5.889663 0.120918 -0.992661 0.001964 17.373701 0.019733 0.004382 0.999796 -0.086569
-0.993470 -0.112304 0.020114 5.536630 0.112367 -0.993665 0.002052 17.392747 0.019756 0.004298 0.999796 -0.083069
-0.994832 -0.099526 0.020108 5.002375 0.099590 -0.995026 0.002181 17.418005 0.019790 0.004173 0.999795 -0.077766
-0.995271 -0.095038 0.020105 4.798406 0.095102 -0.995465 0.002227 17.426247 0.019802 0.004129 0.999795 -0.075740
-0.996091 -0.086017 0.020099 4.406525 0.086081 -0.996286 0.002319 17.438670 0.019824 0.004040 0.999795 -0.071841
-0.996954 -0.075364 0.020090 3.913467 0.075427 -0.997149 0.002426 17.451960 0.019850 0.003934 0.999795 -0.066931
-0.997346 -0.069978 0.020086 3.668878 0.070042 -0.997541 0.002481 17.455668 0.019863 0.003881 0.999795 -0.064491
-0.997832 -0.062679 0.020079 3.321981 0.062743 -0.998027 0.002555 17.459927 0.019879 0.003809 0.999795 -0.061029
-0.998312 -0.054501 0.020071 2.787252 0.054565 -0.998507 0.002637 17.472599 0.019897 0.003728 0.999795 -0.055701
-0.998484 -0.051255 0.020067 2.595854 0.051318 -0.998679 0.002670 17.476428 0.019904 0.003696 0.999795 -0.053793
-0.998740 -0.046010 0.020061 2.207483 0.046073 -0.998934 0.002723 17.485944 0.019915 0.003644 0.999795 -0.049925
-0.999088 -0.037699 0.020052 1.694006 0.037763 -0.999283 0.002807 17.488037 0.019931 0.003561 0.999795 -0.044793
-0.999072 -0.038114 0.020052 1.459903 0.038178 -0.999267 0.002802 17.503953 0.019931 0.003565 0.999795 -0.042477
-0.999118 -0.036903 0.020051 1.113800 0.036967 -0.999313 0.002815 17.518458 0.019933 0.003553 0.999795 -0.039039
-0.999263 -0.032727 0.020045 0.575243 0.032791 -0.999458 0.002857 17.530894 0.019941 0.003512 0.999795 -0.033673
-0.999320 -0.030950 0.020043 0.367515 0.031014 -0.999515 0.002874 17.534461 0.019944 0.003494 0.999795 -0.031602
-0.999346 -0.030117 0.020042 0.005564 0.030181 -0.999540 0.002883 17.549827 0.019946 0.003486 0.999795 -0.028007
-0.999319 -0.030976 0.020043 -0.483759 0.031039 -0.999514 0.002874 17.575160 0.019944 0.003494 0.999795 -0.023153
-0.999243 -0.033352 0.020046 -0.727582 0.033416 -0.999438 0.002850 17.594230 0.019940 0.003518 0.999795 -0.020746
-0.999136 -0.036398 0.020050 -1.074562 0.036462 -0.999331 0.002820 17.621807 0.019934 0.003548 0.999795 -0.017320
-0.998845 -0.043659 0.020059 -1.603799 0.043723 -0.999040 0.002747 17.675895 0.019919 0.003620 0.999795 -0.012113
-0.998742 -0.045967 0.020061 -1.805663 0.046030 -0.998937 0.002723 17.695045 0.019915 0.003643 0.999795 -0.010125
-0.998644 -0.048043 0.020064 -2.200740 0.048107 -0.998839 0.002702 17.725898 0.019911 0.003664 0.999795 -0.006223
-0.998632 -0.048298 0.020064 -2.696715 0.048362 -0.998826 0.002700 17.757666 0.019910 0.003666 0.999795 -0.001314
-0.998649 -0.047937 0.020064 -2.937854 0.048001 -0.998844 0.002703 17.771601 0.019911 0.003663 0.999795 0.001075
-0.998824 -0.044131 0.020059 -3.286782 0.044195 -0.999019 0.002742 17.779644 0.019919 0.003625 0.999795 0.004552
-0.999076 -0.038010 0.020052 -3.821401 0.038074 -0.999271 0.002803 17.788376 0.019931 0.003564 0.999795 0.009884
-0.999138 -0.036356 0.020050 -4.015400 0.036420 -0.999333 0.002820 17.793541 0.019934 0.003548 0.999795 0.011816
-0.999248 -0.033197 0.020046 -4.412922 0.033261 -0.999443 0.002852 17.801318 0.019940 0.003516 0.999795 0.015779
-0.999370 -0.029294 0.020041 -4.911246 0.029358 -0.999565 0.002891 17.810991 0.019948 0.003478 0.999795 0.020747
-0.999412 -0.027834 0.020039 -5.152574 0.027898 -0.999607 0.002906 17.816429 0.019950 0.003463 0.999795 0.023152
-0.999481 -0.025227 0.020036 -5.498188 0.025291 -0.999676 0.002932 17.821820 0.019955 0.003437 0.999795 0.026600
-0.999575 -0.021173 0.020030 -6.039489 0.021236 -0.999770 0.002973 17.827992 0.019963 0.003397 0.999795 0.032003
-0.999593 -0.020295 0.020029 -6.245560 0.020359 -0.999788 0.002981 17.832105 0.019964 0.003388 0.999795 0.034057
-0.999657 -0.016877 0.020024 -6.648947 0.016941 -0.999852 0.003016 17.833232 0.019970 0.003354 0.999795 0.038089
-0.999712 -0.013232 0.020019 -7.156936 0.013296 -0.999907 0.003052 17.835477 0.019977 0.003317 0.999795 0.043166
-0.999725 -0.012178 0.020017 -7.387543 0.012242 -0.999921 0.003063 17.838633 0.019978 0.003307 0.999795 0.045467
-0.999745 -0.010482 0.020015 -7.737846 0.010546 -0.999940 0.003080 17.841778 0.019981 0.003290 0.999795 0.048965
-0.999780 -0.006301 0.020009 -8.294956 0.006365 -0.999975 0.003122 17.839396 0.019988 0.003248 0.999795 0.054540
-0.999790 -0.004476 0.020006 -8.506669 0.004540 -0.999985 0.003140 17.837262 0.019991 0.003230 0.999795 0.056661
-0.999798 -0.001969 0.020002 -8.910851 0.002033 -0.999993 0.003165 17.835524 0.019995 0.003205 0.999795 0.060706
-0.999800 0.000651 0.019998 -9.430404 -0.000587 -0.999995 0.003191 17.834021 0.020000 0.003179 0.999795 0.065904
-0.999797 0.002447 0.019995 -9.676821 -0.002383 -0.999992 0.003209 17.831231 0.020002 0.003161 0.999795 0.068372
-0.999788 0.004905 0.019991 -10.039236 -0.004841 -0.999983 0.003234 17.827252 0.020006 0.003136 0.999795 0.072003
-0.999773 0.007339 0.019987 -10.608439 -0.007275 -0.999969 0.003258 17.823805 0.020010 0.003112 0.999795 0.077701
-0.999768 0.008048 0.019986 -10.797248 -0.007984 -0.999963 0.003265 17.823161 0.020011 0.003105 0.999795 0.079590
-0.999750 0.010072 0.019982 -11.192761 -0.010008 -0.999945 0.003285 17.818631 0.020014 0.003085 0.999795 0.083552
-0.999719 0.012806 0.019977 -11.561541 -0.012742 -0.999914 0.003313 17.810513 0.020018 0.003057 0.999795 0.087253
-0.999696 0.014489 0.019975 -11.961240 -0.014425 -0.999891 0.003329 17.805166 0.020021 0.003040 0.999795 0.091259
-0.999675 0.015880 0.019972 -12.156510 -0.015816 -0.999870 0.003343 17.800485 0.020023 0.003026 0.999795 0.093219
-0.999638 0.018066 0.019968 -12.705792 -0.018002 -0.999833 0.003365 17.791595 0.020026 0.003004 0.999795 0.098726
-0.999613 0.019402 0.019966 -13.062362 -0.019338 -0.999808 0.003378 17.785600 0.020028 0.002991 0.999795 0.102302
-0.999578 0.021107 0.019963 -13.462711 -0.021043 -0.999773 0.003395 17.777530 0.020030 0.002974 0.999795 0.106318
-0.999530 0.023278 0.019959 -13.830186 -0.023214 -0.999725 0.003417 17.767190 0.020033 0.002952 0.999795 0.110009
-0.999491 0.024905 0.019956 -14.257392 -0.024841 -0.999686 0.003433 17.757105 0.020035 0.002936 0.999795 0.114298
-0.999442 0.026777 0.019952 -14.467117 -0.026713 -0.999638 0.003452 17.748404 0.020038 0.002917 0.999795 0.116409
-0.999379 0.029050 0.019948 -15.034601 -0.028986 -0.999574 0.003475 17.732991 0.020041 0.002894 0.999795 0.122108
-0.999371 0.029325 0.019948 -15.403480 -0.029261 -0.999566 0.003477 17.726497 0.020041 0.002891 0.999795 0.125808
-0.999306 0.031482 0.019944 -15.703001 -0.031418 -0.999501 0.003499 17.714546 0.020044 0.002870 0.999795 0.128822
-0.999285 0.032113 0.019942 -16.162281 -0.032049 -0.999481 0.003505 17.704324 0.020045 0.002863 0.999795 0.133431
-0.999311 0.031317 0.019944 -16.582136 -0.031253 -0.999506 0.003497 17.699510 0.020044 0.002871 0.999795 0.137638
-0.999295 0.031819 0.019943 -16.955420 -0.031755 -0.999490 0.003502 17.691320 0.020044 0.002866 0.999795 0.141384
-0.999350 0.030038 0.019946 -17.418980 -0.029974 -0.999545 0.003484 17.689676 0.020042 0.002884 0.999795 0.146022
-0.999383 0.028918 0.019948 -17.726330 -0.028854 -0.999578 0.003473 17.688825 0.020040 0.002895 0.999795 0.149097
-0.999452 0.026428 0.019953 -18.142812 -0.026364 -0.999647 0.003448 17.691578 0.020037 0.002920 0.999795 0.153258
-0.999526 0.023453 0.019959 -18.659318 -0.023390 -0.999721 0.003419 17.696145 0.020033 0.002950 0.999795 0.158416
-0.999556 0.022141 0.019961 -18.922620 -0.022077 -0.999751 0.003406 17.698236 0.020031 0.002964 0.999795 0.161045
-0.999589 0.020593 0.019964 -19.289572 -0.020529 -0.999784 0.003390 17.700830 0.020029 0.002979 0.999795 0.164711
-0.999622 0.018925 0.019967 -19.862113 -0.018861 -0.999817 0.003374 17.702990 0.020027 0.002996 0.999795 0.170433
-0.999645 0.017664 0.019969 -20.074025 -0.017600 -0.999840 0.003361 17.706430 0.020025 0.003008 0.999795 0.172547
-0.999657 0.016983 0.019970 -20.487785 -0.016919 -0.999852 0.003354 17.707304 0.020024 0.003015 0.999795 0.176683
-0.999676 0.015785 0.019972 -21.004914 -0.015721 -0.999871 0.003342 17.710411 0.020022 0.003027 0.999795 0.181850
-0.999693 0.014669 0.019974 -21.267691 -0.014605 -0.999888 0.003331 17.713790 0.020021 0.003038 0.999795 0.184472
-0.999688 0.015042 0.019974 -21.638052 -0.014978 -0.999883 0.003335 17.712279 0.020021 0.003035 0.999795 0.188178
-0.999711 0.013418 0.019976 -22.213135 -0.013354 -0.999906 0.003319 17.717422 0.020019 0.003051 0.999795 0.193921
-0.999707 0.013700 0.019976 -22.422669 -0.013636 -0.999902 0.003322 17.716607 0.020019 0.003048 0.999795 0.196018
-0.999717 0.012946 0.019977 -22.840430 -0.012882 -0.999912 0.003314 17.719554 0.020018 0.003056 0.999795 0.200191
-0.999725 0.012285 0.019978 -23.368335 -0.012222 -0.999920 0.003307 17.722158 0.020017 0.003062 0.999795 0.205466
-0.999718 0.012877 0.019977 -23.622496 -0.012813 -0.999913 0.003313 17.720710 0.020018 0.003056 0.999795 0.208010
-0.999719 0.012776 0.019978 -24.016564 -0.012712 -0.999914 0.003312 17.721493 0.020018 0.003057 0.999795 0.211950
-0.999695 0.014525 0.019975 -24.606459 -0.014461 -0.999890 0.003330 17.715588 0.020021 0.003040 0.999795 0.217858
-0.999710 0.013478 0.019976 -24.822145 -0.013414 -0.999905 0.003319 17.718912 0.020019 0.003050 0.999795 0.220010
-0.999702 0.014031 0.019975 -25.249195 -0.013967 -0.999897 0.003325 17.717219 0.020020 0.003045 0.999795 0.224283
-0.999666 0.016453 0.019971 -25.816984 -0.016389 -0.999861 0.003349 17.708835 0.020023 0.003021 0.999795 0.229974
-0.999635 0.018227 0.019968 -26.089350 -0.018163 -0.999830 0.003367 17.701962 0.020026 0.003003 0.999795 0.232709
-0.999648 0.017467 0.019969 -26.484681 -0.017403 -0.999843 0.003359 17.702704 0.020025 0.003010 0.999795 0.236661
-0.999640 0.017964 0.019968 -27.073164 -0.017900 -0.999835 0.003364 17.698914 0.020026 0.003005 0.999795 0.242553
-0.999573 0.021330 0.019962 -27.316579 -0.021266 -0.999769 0.003398 17.685987 0.020030 0.002972 0.999795 0.245007
-0.999548 0.022487 0.019960 -27.725844 -0.022423 -0.999743 0.003409 17.678920 0.020032 0.002960 0.999795 0.249111
-0.999571 0.021456 0.019962 -28.253678 -0.021392 -0.999766 0.003399 17.679250 0.020030 0.002970 0.999795 0.254389
-0.999561 0.021922 0.019961 -28.536241 -0.021858 -0.999756 0.003404 17.675550 0.020031 0.002966 0.999795 0.257221
-0.999507 0.024251 0.019957 -28.964009 -0.024187 -0.999702 0.003427 17.663726 0.020034 0.002942 0.999795 0.261518
-0.999515 0.023921 0.019958 -29.571842 -0.023858 -0.999710 0.003423 17.658683 0.020034 0.002946 0.999795 0.267604
-0.999540 0.022861 0.019960 -29.788130 -0.022797 -0.999735 0.003413 17.660262 0.020032 0.002956 0.999795 0.269765
-0.999444 0.026713 0.019953 -30.245875 -0.026650 -0.999639 0.003451 17.642595 0.020038 0.002918 0.999795 0.274370
-0.999343 0.030279 0.019946 -30.798994 -0.030215 -0.999538 0.003487 17.622907 0.020042 0.002882 0.999795 0.279933
-0.999334 0.030576 0.019945 -31.081356 -0.030512 -0.999529 0.003490 17.617301 0.020043 0.002879 0.999795 0.282766
-0.999293 0.031891 0.019943 -31.472645 -0.031827 -0.999488 0.003503 17.605898 0.020044 0.002866 0.999795 0.286697
-0.999376 0.029148 0.019948 -32.089156 -0.029084 -0.999571 0.003475 17.604408 0.020041 0.002893 0.999795 0.292865
-0.999456 0.026284 0.019953 -32.313950 -0.026220 -0.999651 0.003447 17.610871 0.020037 0.002922 0.999795 0.295102
-0.999567 0.021633 0.019962 -32.780484 -0.021569 -0.999762 0.003401 17.621737 0.020031 0.002969 0.999795 0.299751
-0.999660 0.016773 0.019971 -33.366743 -0.016709 -0.999855 0.003352 17.635374 0.020024 0.003017 0.999795 0.305592
-0.999712 0.013323 0.019977 -33.633557 -0.013260 -0.999907 0.003318 17.646862 0.020019 0.003052 0.999795 0.308242
-0.999746 0.010497 0.019981 -34.034128 -0.010433 -0.999941 0.003290 17.657084 0.020015 0.003080 0.999795 0.312231
-0.999794 0.003582 0.019993 -34.680229 -0.003518 -0.999989 0.003220 17.684572 0.020004 0.003149 0.999795 0.318649
-0.999800 0.001015 0.019997 -34.911596 -0.000951 -0.999995 0.003195 17.695805 0.020000 0.003175 0.999795 0.320944
-0.999796 -0.002952 0.020003 -35.372634 0.003016 -0.999991 0.003155 17.715852 0.019994 0.003215 0.999795 0.325523
-0.999738 -0.011143 0.020016 -35.890561 0.011207 -0.999933 0.003073 17.756170 0.019980 0.003297 0.999795 0.330638
-0.999692 -0.014670 0.020021 -36.176553 0.014734 -0.999887 0.003038 17.775645 0.019974 0.003332 0.999795 0.333467
-0.999664 -0.016478 0.020024 -36.587099 0.016542 -0.999859 0.003020 17.793753 0.019971 0.003350 0.999795 0.337544
-0.999582 -0.020859 0.020030 -37.232325 0.020923 -0.999777 0.002976 17.828811 0.019963 0.003394 0.999795 0.343941
-0.999549 -0.022362 0.020032 -37.476635 0.022426 -0.999745 0.002961 17.842127 0.019960 0.003409 0.999795 0.346363
-0.999501 -0.024443 0.020035 -37.934023 0.024507 -0.999696 0.002940 17.866631 0.019957 0.003429 0.999795 0.350898
-0.999500 -0.024481 0.020035 -38.484534 0.024545 -0.999695 0.002939 17.888729 0.019957 0.003430 0.999795 0.356368
-0.999498 -0.024534 0.020035 -38.770911 0.024598 -0.999694 0.002939 17.899995 0.019956 0.003430 0.999795 0.359214
-0.999542 -0.022690 0.020032 -39.156155 0.022754 -0.999737 0.002957 17.908472 0.019960 0.003412 0.999795 0.363053
-0.999538 -0.022877 0.020033 -39.799010 0.022941 -0.999733 0.002955 17.932767 0.019960 0.003414 0.999795 0.369443
-0.999504 -0.024306 0.020034 -40.035585 0.024370 -0.999699 0.002941 17.946403 0.019957 0.003428 0.999795 0.371787
-0.999541 -0.022723 0.020032 -40.514431 0.022787 -0.999736 0.002957 17.958889 0.019960 0.003412 0.999795 0.376556
-0.999575 -0.021172 0.020030 -41.081983 0.021236 -0.999771 0.002973 17.974392 0.019963 0.003397 0.999795 0.382207
-0.999574 -0.021219 0.020030 -41.371196 0.021283 -0.999770 0.002972 17.984862 0.019963 0.003397 0.999795 0.385082
-0.999597 -0.020128 0.020029 -41.770963 0.020192 -0.999792 0.002983 17.995158 0.019964 0.003386 0.999795 0.389064
-0.999606 -0.019701 0.020028 -42.390165 0.019765 -0.999801 0.002987 18.014994 0.019965 0.003382 0.999795 0.395224
-0.999638 -0.018007 0.020026 -42.626701 0.018071 -0.999833 0.003004 18.017049 0.019968 0.003365 0.999795 0.397587
-0.999629 -0.018478 0.020026 -43.095381 0.018542 -0.999824 0.003000 18.033781 0.019967 0.003370 0.999795 0.402247
-0.999625 -0.018687 0.020027 -43.676120 0.018751 -0.999820 0.002998 18.053571 0.019967 0.003372 0.999795 0.408023
-0.999631 -0.018374 0.020026 -43.972841 0.018438 -0.999826 0.003001 18.062296 0.019968 0.003369 0.999795 0.410976
-0.999670 -0.016106 0.020023 -44.387178 0.016170 -0.999865 0.003023 18.067751 0.019972 0.003346 0.999795 0.415111
-0.999669 -0.016169 0.020023 -45.049075 0.016233 -0.999864 0.003023 18.088295 0.019972 0.003347 0.999795 0.421698
-0.999683 -0.015248 0.020022 -45.283154 0.015312 -0.999879 0.003032 18.092106 0.019973 0.003338 0.999795 0.424032
-0.999688 -0.014969 0.020021 -45.742612 0.015033 -0.999883 0.003035 18.104574 0.019974 0.003335 0.999795 0.428607
-0.999657 -0.016917 0.020024 -46.328000 0.016980 -0.999852 0.003015 18.128605 0.019970 0.003354 0.999795 0.434423
-0.999664 -0.016497 0.020024 -46.616300 0.016561 -0.999859 0.003019 18.136026 0.019971 0.003350 0.999795 0.437294
-0.999651 -0.017246 0.020025 -47.036212 0.017310 -0.999846 0.003012 18.151981 0.019970 0.003358 0.999795 0.441468
-0.999640 -0.017859 0.020026 -47.706088 0.017923 -0.999835 0.003006 18.175421 0.019969 0.003364 0.999795 0.448130
-0.999640 -0.017851 0.020026 -47.947563 0.017915 -0.999836 0.003006 18.183100 0.019969 0.003364 0.999795 0.450532
-0.999604 -0.019771 0.020028 -48.431827 0.019835 -0.999799 0.002987 18.205440 0.019965 0.003383 0.999795 0.455340
-0.999565 -0.021641 0.020031 -49.020625 0.021705 -0.999760 0.002968 18.232245 0.019962 0.003401 0.999795 0.461185
-0.999574 -0.021244 0.020030 -49.303602 0.021308 -0.999769 0.002972 18.240933 0.019962 0.003397 0.999795 0.464001
-0.999546 -0.022542 0.020032 -49.733429 0.022606 -0.999740 0.002959 18.260720 0.019960 0.003410 0.999795 0.468268
