1.000000 0.000000 0.000000 0.000000 0.000000 1.000000 0.000000 0.000000 0.000000 0.000000 1.000000 0.000000
1.000000 -0.000880 0.000001 0.381991 0.000880 1.000000 -0.000009 -0.002513 -0.000001 0.000009 1.000000 -0.003816
1.000000 -0.000676 0.000001 0.794286 0.000677 1.000000 -0.000007 -0.009006 -0.000001 0.000007 1.000000 -0.007929
0.999999 0.001015 -0.000002 1.174972 -0.001015 0.999999 0.000010 -0.019734 0.000002 -0.000010 1.000000 -0.011719
0.999999 0.001578 -0.000003 1.590151 -0.001578 0.999999 0.000016 -0.027568 0.000003 -0.000016 1.000000 -0.015858
0.999999 0.001528 -0.000002 1.941651 -0.001528 0.999999 0.000015 -0.032835 0.000002 -0.000015 1.000000 -0.019365
0.999998 0.001796 -0.000003 2.368747 -0.001796 0.999998 0.000018 -0.040602 0.000003 -0.000018 1.000000 -0.023624
0.999997 0.002683 -0.000004 2.730610 -0.002683 0.999996 0.000027 -0.049167 0.000004 -0.000027 1.000000 -0.027229
1.000000 0.000031 -0.000000 3.046161 -0.000031 1.000000 0.000000 -0.044574 0.000000 -0.000000 1.000000 -0.030392
1.000000 -0.000460 0.000001 3.521183 0.000461 1.000000 -0.000005 -0.049081 -0.000001 0.000005 1.000000 -0.035135
0.999999 -0.001186 0.000002 3.935880 0.001186 0.999999 -0.000012 -0.051866 -0.000002 0.000012 1.000000 -0.039278
1.000000 -0.001100 0.000002 4.282317 0.001100 0.999999 -0.000011 -0.057193 -0.000002 0.000011 1.000000 -0.042734
0.999999 0.001167 -0.000002 4.657607 -0.001167 0.999999 0.000012 -0.070661 0.000002 -0.000012 1.000000 -0.046465
1.000000 0.000966 -0.000002 4.982591 -0.000966 1.000000 0.000010 -0.075153 0.000002 -0.000010 1.000000 -0.049708
0.999998 0.001894 -0.000003 5.384941 -0.001894 0.999998 0.000019 -0.084442 0.000003 -0.000019 1.000000 -0.053717
0.999997 0.002629 -0.000004 5.735698 -0.002629 0.999997 0.000026 -0.093078 0.000004 -0.000026 1.000000 -0.057211
0.999987 0.005171 -0.000008 6.138526 -0.005171 0.999987 0.000052 -0.108662 0.000008 -0.000052 1.000000 -0.061214
0.999987 0.005175 -0.000008 6.593858 -0.005175 0.999987 0.000052 -0.118195 0.000008 -0.000052 1.000000 -0.065753
0.999990 0.004561 -0.000007 6.844668 -0.004561 0.999990 0.000046 -0.121079 0.000007 -0.000046 1.000000 -0.068256
0.999990 0.004550 -0.000007 7.222531 -0.004550 0.999990 0.000046 -0.127905 0.000007 -0.000045 1.000000 -0.072024
0.999977 0.006824 -0.000011 7.772376 -0.006824 0.999977 0.000068 -0.146347 0.000011 -0.000068 1.000000 -0.077493
0.999982 0.006084 -0.000010 7.970976 -0.006084 0.999982 0.000061 -0.147839 0.000010 -0.000061 1.000000 -0.079477
0.999978 0.006617 -0.000010 8.363788 -0.006617 0.999978 0.000066 -0.157533 0.000011 -0.000066 1.000000 -0.083390
0.999972 0.007507 -0.000012 8.816487 -0.007507 0.999972 0.000075 -0.170106 0.000012 -0.000075 1.000000 -0.087897
0.999972 0.007462 -0.000012 9.064594 -0.007462 0.999972 0.000075 -0.175776 0.000012 -0.000075 1.000000 -0.090369
0.999965 0.008376 -0.000013 9.427213 -0.008376 0.999965 0.000084 -0.187082 0.000014 -0.000084 1.000000 -0.093977
0.999957 0.009276 -0.000014 9.964434 -0.009276 0.999957 0.000093 -0.202615 0.000015 -0.000093 1.000000 -0.099325
0.999955 0.009469 -0.000015 10.159913 -0.009469 0.999955 0.000095 -0.207887 0.000016 -0.000095 1.000000 -0.101271
0.999960 0.008987 -0.000014 10.562378 -0.008987 0.999960 0.000090 -0.215385 0.000015 -0.000090 1.000000 -0.105284
0.999945 0.010510 -0.000016 11.076958 -0.010509 0.999945 0.000105 -0.232620 0.000017 -0.000105 1.000000 -0.110403
0.999958 0.009201 -0.000014 11.319473 -0.009201 0.999958 0.000092 -0.233614 0.000015 -0.000092 1.000000 -0.112827
0.999954 0.009572 -0.000015 11.660880 -0.009572 0.999954 0.000096 -0.243280 0.000016 -0.000096 1.000000 -0.116225
0.999964 0.008542 -0.000013 12.189905 -0.008542 0.999964 0.000085 -0.252001 0.000014 -0.000085 1.000000 -0.121502
0.999945 0.010500 -0.000016 12.393229 -0.010500 0.999945 0.000105 -0.263296 0.000017 -0.000105 1.000000 -0.123517
0.999961 0.008905 -0.000014 12.776164 -0.008905 0.999960 0.000089 -0.266938 0.000015 -0.000089 1.000000 -0.127341
0.999977 0.006829 -0.000011 13.255878 -0.006829 0.999977 0.000068 -0.270397 0.000011 -0.000068 1.000000 -0.132133
0.999979 0.006574 -0.000010 13.500487 -0.006574 0.999978 0.000066 -0.274771 0.000011 -0.000066 1.000000 -0.134572
0.999979 0.006453 -0.000010 13.838047 -0.006453 0.999979 0.000065 -0.281595 0.000010 -0.000064 1.000000 -0.137937
0.999978 0.006601 -0.000010 14.136737 -0.006601 0.999978 0.000066 -0.288415 0.000011 -0.000066 1.000000 -0.140913
0.999990 0.004620 -0.000007 14.596433 -0.004620 0.999989 0.000046 -0.291137 0.000007 -0.000046 1.000000 -0.145506
0.999996 0.002750 -0.000004 14.997877 -0.002750 0.999996 0.000028 -0.292011 0.000004 -0.000027 1.000000 -0.149519
0.999996 0.002956 -0.000005 15.362945 -0.002956 0.999996 0.000030 -0.299168 0.000005 -0.000030 1.000000 -0.153158
0.999998 0.002143 -0.000003 15.677911 -0.002143 0.999998 0.000021 -0.301646 0.000003 -0.000021 1.000000 -0.156304
1.000000 0.000281 -0.000000 16.135710 -0.000281 1.000000 0.000003 -0.302738 0.000000 -0.000003 1.000000 -0.160880
0.999999 -0.001567 0.000003 16.538728 0.001567 0.999999 -0.000016 -0.302037 -0.000002 0.000016 1.000000 -0.164912
0.999999 -0.001596 0.000003 16.884027 0.001596 0.999999 -0.000016 -0.306335 -0.000003 0.000016 1.000000 -0.168358
0.999997 -0.002613 0.000004 17.294271 0.002613 0.999997 -0.000026 -0.307628 -0.000004 0.000026 1.000000 -0.172459
0.999992 -0.004166 0.000007 17.828468 0.004166 0.999991 -0.000042 -0.308075 -0.000007 0.000042 1.000000 -0.177800
0.999989 -0.004658 0.000008 18.091094 0.004658 0.999989 -0.000047 -0.308895 -0.000007 0.000047 1.000000 -0.180425
0.999987 -0.005145 0.000008 18.443268 0.005145 0.999987 -0.000051 -0.310785 -0.000008 0.000051 1.000000 -0.183944
0.999985 -0.005561 0.000009 18.751049 0.005561 0.999985 -0.000056 -0.312250 -0.000009 0.000056 1.000000 -0.187020
0.999991 -0.004330 0.000007 19.230776 0.004330 0.999991 -0.000043 -0.320895 -0.000007 0.000043 1.000000 -0.191803
0.999995 -0.003204 0.000005 19.647783 0.003204 0.999995 -0.000032 -0.328858 -0.000005 0.000032 1.000000 -0.195961
0.999997 -0.002663 0.000004 20.005222 0.002663 0.999997 -0.000027 -0.334519 -0.000004 0.000027 1.000000 -0.199526
0.999998 -0.001935 0.000003 20.332007 0.001935 0.999998 -0.000019 -0.340824 -0.000003 0.000019 1.000000 -0.202784
1.000000 -0.000905 0.000001 20.819090 0.000905 1.000000 -0.000009 -0.350384 -0.000001 0.000009 1.000000 -0.207640
0.999999 0.001829 -0.000003 21.417658 -0.001829 0.999998 0.000018 -0.368433 0.000003 -0.000018 1.000000 -0.213597
0.999995 0.003135 -0.000005 21.627548 -0.003135 0.999995 0.000031 -0.376258 0.000005 -0.000031 1.000000 -0.215684
0.999992 0.004206 -0.000007 21.947086 -0.004206 0.999991 0.000042 -0.385399 0.000007 -0.000042 1.000000 -0.218865
0.999967 0.008208 -0.000013 22.601699 -0.008208 0.999966 0.000082 -0.411789 0.000013 -0.000082 1.000000 -0.225369
0.999954 0.009671 -0.000015 22.871769 -0.009671 0.999953 0.000097 -0.422795 0.000016 -0.000097 1.000000 -0.228052
0.999955 0.009581 -0.000015 23.264627 -0.009581 0.999954 0.000096 -0.431481 0.000016 -0.000096 1.000000 -0.231967
0.999898 0.014294 -0.000022 23.864075 -0.014294 0.999898 0.000143 -0.462815 0.000024 -0.000143 1.000000 -0.237912
0.999896 0.014430 -0.000022 24.094338 -0.014430 0.999896 0.000144 -0.469604 0.000024 -0.000144 1.000000 -0.240204
0.999877 0.015721 -0.000024 24.538381 -0.015721 0.999876 0.000157 -0.486988 0.000026 -0.000157 1.000000 -0.244617
0.999814 0.019287 -0.000029 25.093261 -0.019287 0.999814 0.000193 -0.516685 0.000033 -0.000193 1.000000 -0.250118
0.999788 0.020605 -0.000031 25.374941 -0.020605 0.999788 0.000206 -0.530617 0.000035 -0.000206 1.000000 -0.252913
0.999747 0.022501 -0.000033 25.770656 -0.022501 0.999747 0.000225 -0.551016 0.000038 -0.000225 1.000000 -0.256838
0.999628 0.027298 -0.000040 26.384351 -0.027298 0.999627 0.000274 -0.591068 0.000047 -0.000272 1.000000 -0.262911
0.999616 0.027734 -0.000040 26.614368 -0.027734 0.999615 0.000278 -0.601963 0.000048 -0.000277 1.000000 -0.265194
0.999553 0.029918 -0.000043 26.955283 -0.029918 0.999552 0.000300 -0.623908 0.000052 -0.000298 1.000000 -0.268568
0.999490 0.031932 -0.000046 27.652014 -0.031932 0.999490 0.000320 -0.662093 0.000056 -0.000319 1.000000 -0.275475
0.999453 0.033084 -0.000047 27.822251 -0.033084 0.999453 0.000332 -0.673928 0.000058 -0.000330 1.000000 -0.277159
0.999398 0.034694 -0.000049 28.336492 -0.034694 0.999398 0.000348 -0.704169 0.000061 -0.000346 1.000000 -0.282253
0.999384 0.035118 -0.000050 28.985479 -0.035117 0.999383 0.000352 -0.737112 0.000062 -0.000350 1.000000 -0.288691
0.999354 0.035944 -0.000051 29.213566 -0.035944 0.999354 0.000360 -0.751081 0.000064 -0.000358 1.000000 -0.290949
0.999335 0.036490 -0.000051 29.667278 -0.036490 0.999334 0.000366 -0.775527 0.000065 -0.000364 1.000000 -0.295448
0.999322 0.036842 -0.000052 30.266878 -0.036842 0.999321 0.000370 -0.807112 0.000065 -0.000367 1.000000 -0.301394
0.999310 0.037145 -0.000052 30.559029 -0.037145 0.999310 0.000373 -0.823275 0.000066 -0.000370 1.000000 -0.304289
0.999290 0.037685 -0.000053 30.985359 -0.037685 0.999290 0.000378 -0.847182 0.000067 -0.000376 1.000000 -0.308515
0.999240 0.038980 -0.000054 31.635355 -0.038980 0.999240 0.000391 -0.885436 0.000070 -0.000389 1.000000 -0.314954
0.999236 0.039082 -0.000055 31.880814 -0.039082 0.999236 0.000392 -0.898736 0.000070 -0.000390 1.000000 -0.317388
0.999246 0.038842 -0.000054 32.360643 -0.038842 0.999245 0.000390 -0.923529 0.000069 -0.000387 1.000000 -0.322147
0.999178 0.040557 -0.000056 32.938604 -0.040557 0.999177 0.000407 -0.960919 0.000073 -0.000404 1.000000 -0.327867
0.999114 0.042099 -0.000058 33.237804 -0.042099 0.999113 0.000422 -0.982937 0.000076 -0.000420 1.000000 -0.330824
0.999073 0.043051 -0.000059 33.653154 -0.043051 0.999073 0.000432 -1.009726 0.000078 -0.000429 1.000000 -0.334935
0.998982 0.045125 -0.000062 34.333209 -0.045125 0.998981 0.000453 -1.056303 0.000082 -0.000450 1.000000 -0.341661
0.998963 0.045542 -0.000062 34.583022 -0.045542 0.998963 0.000457 -1.072615 0.000083 -0.000454 1.000000 -0.344134
0.998883 0.047273 -0.000064 35.076331 -0.047273 0.998882 0.000475 -1.108342 0.000086 -0.000471 1.000000 -0.349010
0.998820 0.048571 -0.000066 35.689736 -0.048570 0.998820 0.000488 -1.150110 0.000089 -0.000484 1.000000 -0.355078
0.998800 0.048978 -0.000066 35.986273 -0.048978 0.998800 0.000492 -1.169769 0.000090 -0.000488 1.000000 -0.358012
0.998858 0.047781 -0.000065 36.421546 -0.047781 0.998858 0.000480 -1.192884 0.000088 -0.000476 1.000000 -0.362328
0.998808 0.048824 -0.000066 37.084753 -0.048824 0.998808 0.000490 -1.237833 0.000090 -0.000486 1.000000 -0.368889
0.998815 0.048688 -0.000066 37.329182 -0.048688 0.998814 0.000489 -1.252524 0.000089 -0.000485 1.000000 -0.371310
0.998880 0.047334 -0.000064 37.814786 -0.047334 0.998879 0.000475 -1.277597 0.000087 -0.000472 1.000000 -0.376126
0.998890 0.047123 -0.000064 38.396878 -0.047123 0.998889 0.000473 -1.312258 0.000086 -0.000469 1.000000 -0.381892
0.998930 0.046254 -0.000063 38.685606 -0.046254 0.998930 0.000464 -1.326702 0.000084 -0.000461 1.000000 -0.384756
0.998983 0.045099 -0.000062 39.110059 -0.045099 0.998983 0.000453 -1.348154 0.000082 -0.000449 1.000000 -0.388967
0.998956 0.045702 -0.000062 39.652076 -0.045702 0.998955 0.000459 -1.383034 0.000083 -0.000455 1.000000 -0.394331
0.998992 0.044900 -0.000061 39.994592 -0.044900 0.998992 0.000451 -1.400545 0.000082 -0.000447 1.000000 -0.397729
0.999034 0.043965 -0.000060 40.340248 -0.043965 0.999033 0.000441 -1.417301 0.000080 -0.000438 1.000000 -0.401159
0.999080 0.042902 -0.000059 41.050485 -0.042902 0.999079 0.000431 -1.454621 0.000078 -0.000428 1.000000 -0.408202
0.999114 0.042106 -0.000058 41.227366 -0.042106 0.999113 0.000422 -1.461908 0.000076 -0.000420 1.000000 -0.409959
0.999142 0.041432 -0.000057 41.742550 -0.041432 0.999141 0.000416 -1.488452 0.000075 -0.000413 1.000000 -0.415069
0.999213 0.039679 -0.000055 42.363791 -0.039679 0.999213 0.000398 -1.516533 0.000071 -0.000396 1.000000 -0.421237
0.999179 0.040535 -0.000056 42.596615 -0.040534 0.999178 0.000407 -1.532191 0.000073 -0.000404 1.000000 -0.423540
0.999163 0.040906 -0.000057 42.947471 -0.040906 0.999163 0.000410 -1.552858 0.000074 -0.000408 1.000000 -0.427016
0.999161 0.040957 -0.000057 43.642007 -0.040957 0.999161 0.000411 -1.591159 0.000074 -0.000408 1.000000 -0.433901
0.999157 0.041071 -0.000057 43.945033 -0.041071 0.999156 0.000412 -1.608354 0.000074 -0.000409 1.000000 -0.436904
0.999076 0.042985 -0.000059 44.301305 -0.042985 0.999076 0.000431 -1.634576 0.000078 -0.000428 1.000000 -0.440425
0.999044 0.043735 -0.000060 44.932440 -0.043734 0.999043 0.000439 -1.672079 0.000079 -0.000436 1.000000 -0.446677
0.999041 0.043795 -0.000060 45.157780 -0.043795 0.999041 0.000439 -1.685214 0.000079 -0.000436 1.000000 -0.448909
0.999065 0.043235 -0.000060 45.492762 -0.043235 0.999065 0.000434 -1.702608 0.000078 -0.000431 1.000000 -0.452231
0.999116 0.042056 -0.000058 46.188848 -0.042056 0.999115 0.000422 -1.738447 0.000076 -0.000419 1.000000 -0.459135
0.999062 0.043306 -0.000060 46.365428 -0.043306 0.999062 0.000435 -1.753238 0.000078 -0.000432 1.000000 -0.460878
0.999104 0.042338 -0.000058 46.864360 -0.042338 0.999104 0.000425 -1.778402 0.000076 -0.000422 1.000000 -0.465827
0.999194 0.040161 -0.000056 47.497416 -0.040161 0.999193 0.000403 -1.805651 0.000072 -0.000400 1.000000 -0.472114
0.999164 0.040903 -0.000057 47.733113 -0.040903 0.999163 0.000410 -1.820895 0.000074 -0.000408 1.000000 -0.474447
0.999148 0.041293 -0.000057 48.200792 -0.041293 0.999147 0.000414 -1.847762 0.000074 -0.000412 1.000000 -0.479081
0.999246 0.038839 -0.000054 48.748861 -0.038839 0.999246 0.000390 -1.869917 0.000069 -0.000387 1.000000 -0.484527
0.999203 0.039925 -0.000056 49.029747 -0.039925 0.999203 0.000401 -1.889401 0.000072 -0.000398 1.000000 -0.487305
0.999125 0.041841 -0.000058 49.412045 -0.041841 0.999124 0.000420 -1.917105 0.000075 -0.000417 1.000000 -0.491084
0.999023 0.044209 -0.000061 49.893602 -0.044209 0.999022 0.000444 -1.952563 0.000080 -0.000441 1.000000 -0.495843
0.998988 0.044994 -0.000062 50.249252 -0.044994 0.998987 0.000452 -1.975718 0.000082 -0.000448 1.000000 -0.499363
0.998948 0.045870 -0.000063 50.591202 -0.045870 0.998947 0.000460 -1.999130 0.000084 -0.000457 1.000000 -0.502745
0.998921 0.046449 -0.000063 51.219816 -0.046449 0.998921 0.000466 -2.038954 0.000085 -0.000463 1.000000 -0.508968
0.998903 0.046834 -0.000064 51.371606 -0.046834 0.998903 0.000470 -2.049734 0.000086 -0.000467 1.000000 -0.510469
0.998936 0.046138 -0.000063 51.881265 -0.046138 0.998935 0.000463 -2.078282 0.000084 -0.000460 1.000000 -0.515520
0.998912 0.046643 -0.000063 52.431469 -0.046643 0.998912 0.000468 -2.113170 0.000085 -0.000465 1.000000 -0.520967
0.998932 0.046216 -0.000063 52.624823 -0.046216 0.998932 0.000464 -2.123295 0.000084 -0.000460 1.000000 -0.522884
0.998966 0.045471 -0.000062 53.054472 -0.045471 0.998966 0.000456 -2.146685 0.000083 -0.000453 1.000000 -0.527144
0.999021 0.044249 -0.000061 53.572416 -0.044249 0.999021 0.000444 -2.173231 0.000080 -0.000441 1.000000 -0.532281
0.999015 0.044379 -0.000061 53.833049 -0.044379 0.999015 0.000445 -2.188936 0.000081 -0.000442 1.000000 -0.534862
0.999036 0.043912 -0.000060 54.194892 -0.043912 0.999036 0.000441 -2.208371 0.000080 -0.000438 1.000000 -0.538450
0.999116 0.042048 -0.000058 54.755038 -0.042048 0.999116 0.000422 -2.233516 0.000076 -0.000419 1.000000 -0.544012
0.999188 0.040305 -0.000056 54.946762 -0.040305 0.999188 0.000404 -2.238085 0.000072 -0.000402 1.000000 -0.545922
0.999175 0.040615 -0.000056 55.342288 -0.040615 0.999175 0.000407 -2.261099 0.000073 -0.000405 1.000000 -0.549840
0.999264 0.038389 -0.000054 55.843627 -0.038389 0.999263 0.000385 -2.280392 0.000069 -0.000383 1.000000 -0.554823
0.999268 0.038280 -0.000054 56.092330 -0.038280 0.999267 0.000384 -2.292963 0.000068 -0.000382 1.000000 -0.557290
0.999287 0.037767 -0.000053 56.449774 -0.037767 0.999287 0.000379 -2.309906 0.000067 -0.000377 1.000000 -0.560838
0.999367 0.035581 -0.000050 56.981366 -0.035580 0.999367 0.000357 -2.329039 0.000063 -0.000355 1.000000 -0.566124
0.999357 0.035879 -0.000051 57.174745 -0.035879 0.999356 0.000360 -2.339617 0.000064 -0.000358 1.000000 -0.568041
0.999405 0.034516 -0.000049 57.550466 -0.034516 0.999404 0.000346 -2.353227 0.000061 -0.000344 1.000000 -0.571776
0.999477 0.032361 -0.000046 58.045203 -0.032361 0.999477 0.000324 -2.369495 0.000057 -0.000323 1.000000 -0.576698
0.999484 0.032152 -0.000046 58.292754 -0.032152 0.999483 0.000322 -2.380253 0.000056 -0.000321 1.000000 -0.579156
0.999552 0.029945 -0.000043 58.643793 -0.029945 0.999552 0.000300 -2.388619 0.000052 -0.000299 1.000000 -0.582654
0.999581 0.028981 -0.000042 59.190485 -0.028980 0.999580 0.000290 -2.409431 0.000050 -0.000289 1.000000 -0.588087
0.999611 0.027906 -0.000041 59.401011 -0.027906 0.999611 0.000280 -2.414964 0.000048 -0.000278 1.000000 -0.590184
0.999618 0.027647 -0.000040 59.800569 -0.027647 0.999618 0.000277 -2.431017 0.000048 -0.000276 1.000000 -0.594154
0.999702 0.024455 -0.000036 60.324421 -0.024455 0.999701 0.000245 -2.441804 0.000042 -0.000244 1.000000 -0.599376
0.999720 0.023704 -0.000035 60.573800 -0.023704 0.999719 0.000237 -2.449188 0.000041 -0.000237 1.000000 -0.601858
0.999734 0.023100 -0.000034 60.921954 -0.023100 0.999733 0.000231 -2.460205 0.000039 -0.000231 1.000000 -0.605322
0.999744 0.022639 -0.000033 61.375038 -0.022639 0.999744 0.000227 -2.475223 0.000039 -0.000226 1.000000 -0.609829
0.999777 0.021145 -0.000031 61.677881 -0.021145 0.999777 0.000212 -2.481164 0.000036 -0.000211 1.000000 -0.612848
0.999811 0.019488 -0.000029 62.071066 -0.019488 0.999810 0.000195 -2.489163 0.000033 -0.000195 1.000000 -0.616767
0.999820 0.019015 -0.000028 62.580878 -0.019015 0.999819 0.000190 -2.504746 0.000032 -0.000190 1.000000 -0.621841
0.999845 0.017654 -0.000027 62.988019 -0.017654 0.999844 0.000177 -2.513562 0.000030 -0.000176 1.000000 -0.625898
0.999862 0.016637 -0.000025 63.348113 -0.016637 0.999862 0.000167 -2.521337 0.000028 -0.000166 1.000000 -0.629487
0.999877 0.015715 -0.000024 63.757600 -0.015715 0.999877 0.000157 -2.530200 0.000026 -0.000157 1.000000 -0.633568
0.999887 0.015092 -0.000023 64.112015 -0.015092 0.999887 0.000151 -2.538571 0.000025 -0.000151 1.000000 -0.637099
0.999919 0.012779 -0.000020 64.529929 -0.012779 0.999919 0.000128 -2.542621 0.000021 -0.000128 1.000000 -0.641272
0.999927 0.012145 -0.000019 64.881610 -0.012145 0.999927 0.000122 -2.550235 0.000020 -0.000121 1.000000 -0.644776
0.999935 0.011508 -0.000018 65.224382 -0.011508 0.999934 0.000115 -2.556960 0.000019 -0.000115 1.000000 -0.648193
0.999956 0.009497 -0.000015 65.647322 -0.009497 0.999955 0.000095 -2.560277 0.000016 -0.000095 1.000000 -0.652418
0.999967 0.008208 -0.000013 66.047887 -0.008208 0.999967 0.000082 -2.564917 0.000013 -0.000082 1.000000 -0.656416
0.999972 0.007614 -0.000012 66.403171 -0.007614 0.999971 0.000076 -2.570932 0.000012 -0.000076 1.000000 -0.659960
0.999966 0.008283 -0.000013 66.791901 -0.008283 0.999966 0.000083 -2.581741 0.000014 -0.000083 1.000000 -0.663830
0.999966 0.008372 -0.000013 67.126688 -0.008372 0.999965 0.000084 -2.589689 0.000014 -0.000084 1.000000 -0.667165
0.999959 0.009198 -0.000014 67.505475 -0.009198 0.999958 0.000092 -2.601706 0.000015 -0.000092 1.000000 -0.670934
0.999940 0.011068 -0.000017 67.867312 -0.011068 0.999939 0.000111 -2.616789 0.000018 -0.000111 1.000000 -0.674528
0.999909 0.013564 -0.000021 68.281388 -0.013564 0.999908 0.000136 -2.635776 0.000023 -0.000136 1.000000 -0.678639
0.999907 0.013688 -0.000021 68.653005 -0.013688 0.999907 0.000137 -2.646554 0.000023 -0.000137 1.000000 -0.682338
0.999891 0.014849 -0.000023 69.064081 -0.014849 0.999890 0.000149 -2.662337 0.000025 -0.000148 1.000000 -0.686424
0.999837 0.018079 -0.000027 69.409208 -0.018079 0.999837 0.000181 -2.684209 0.000030 -0.000181 1.000000 -0.689840
0.999843 0.017790 -0.000027 69.556747 -0.017790 0.999842 0.000178 -2.687955 0.000030 -0.000178 1.000000 -0.691310
0.999806 0.019718 -0.000029 70.153256 -0.019718 0.999806 0.000197 -2.714279 0.000033 -0.000197 1.000000 -0.697233
0.999777 0.021169 -0.000031 70.544273 -0.021169 0.999776 0.000212 -2.732826 0.000036 -0.000211 1.000000 -0.701114
0.999750 0.022378 -0.000033 70.734892 -0.022378 0.999750 0.000224 -2.743659 0.000038 -0.000223 1.000000 -0.703003
0.999727 0.023386 -0.000035 71.128214 -0.023386 0.999727 0.000234 -2.761481 0.000040 -0.000233 1.000000 -0.706908
0.999687 0.025060 -0.000037 71.583037 -0.025060 0.999686 0.000251 -2.785123 0.000043 -0.000250 1.000000 -0.711419
0.999678 0.025414 -0.000037 71.733461 -0.025414 0.999677 0.000255 -2.792256 0.000044 -0.000254 1.000000 -0.712912
0.999642 0.026777 -0.000039 72.146498 -0.026777 0.999642 0.000268 -2.813594 0.000046 -0.000267 1.000000 -0.717008
0.999591 0.028633 -0.000042 72.556693 -0.028633 0.999590 0.000287 -2.837166 0.000050 -0.000286 1.000000 -0.721073
0.999563 0.029584 -0.000043 72.804869 -0.029584 0.999563 0.000297 -2.851306 0.000051 -0.000295 1.000000 -0.723532
0.999530 0.030688 -0.000044 73.063342 -0.030688 0.999530 0.000308 -2.866366 0.000054 -0.000306 1.000000 -0.726093
0.999492 0.031914 -0.000046 73.549187 -0.031913 0.999491 0.000320 -2.893078 0.000056 -0.000318 1.000000 -0.730909
0.999456 0.033001 -0.000047 73.771008 -0.033001 0.999456 0.000331 -2.907296 0.000058 -0.000329 1.000000 -0.733105
0.999434 0.033675 -0.000048 74.079068 -0.033675 0.999433 0.000338 -2.924062 0.000059 -0.000336 1.000000 -0.736159
0.999391 0.034914 -0.000050 74.537532 -0.034914 0.999391 0.000350 -2.950644 0.000062 -0.000348 1.000000 -0.740701
0.999399 0.034688 -0.000049 74.706460 -0.034688 0.999399 0.000348 -2.958182 0.000061 -0.000346 1.000000 -0.742378
0.999353 0.035982 -0.000051 75.074576 -0.035982 0.999353 0.000361 -2.981053 0.000064 -0.000359 1.000000 -0.746023
0.999336 0.036457 -0.000051 75.451916 -0.036457 0.999336 0.000366 -3.001621 0.000065 -0.000364 1.000000 -0.749764
0.999311 0.037129 -0.000052 75.672717 -0.037129 0.999311 0.000372 -3.015094 0.000066 -0.000370 1.000000 -0.751951
0.999282 0.037906 -0.000053 75.956745 -0.037906 0.999282 0.000380 -3.032264 0.000068 -0.000378 1.000000 -0.754764
0.999270 0.038214 -0.000054 76.313889 -0.038214 0.999270 0.000383 -3.051871 0.000068 -0.000381 1.000000 -0.758304
0.999265 0.038349 -0.000054 76.555181 -0.038349 0.999265 0.000385 -3.064870 0.000068 -0.000382 1.000000 -0.760696
0.999225 0.039389 -0.000055 76.893748 -0.039389 0.999224 0.000395 -3.086468 0.000070 -0.000393 1.000000 -0.764048
0.999161 0.040971 -0.000057 77.258882 -0.040971 0.999161 0.000411 -3.111889 0.000074 -0.000408 1.000000 -0.767659
0.999164 0.040904 -0.000057 77.493823 -0.040904 0.999163 0.000410 -3.124342 0.000074 -0.000408 1.000000 -0.769988
0.999112 0.042147 -0.000058 77.747838 -0.042147 0.999112 0.000423 -3.142411 0.000076 -0.000420 1.000000 -0.772500
0.999103 0.042375 -0.000059 78.156614 -0.042375 0.999102 0.000425 -3.166146 0.000076 -0.000422 1.000000 -0.776550
0.999080 0.042915 -0.000059 78.279019 -0.042915 0.999079 0.000431 -3.174703 0.000078 -0.000428 1.000000 -0.777760
0.999000 0.044725 -0.000061 78.568014 -0.044725 0.999000 0.000449 -3.197425 0.000081 -0.000446 1.000000 -0.780614
0.998938 0.046100 -0.000063 78.863308 -0.046100 0.998937 0.000463 -3.219380 0.000084 -0.000459 1.000000 -0.783532
0.998923 0.046407 -0.000063 79.055466 -0.046407 0.998923 0.000466 -3.232009 0.000085 -0.000462 1.000000 -0.785434
0.998915 0.046593 -0.000063 79.266272 -0.046593 0.998914 0.000468 -3.245810 0.000085 -0.000464 1.000000 -0.787520
0.998916 0.046560 -0.000063 79.636002 -0.046560 0.998916 0.000467 -3.268198 0.000085 -0.000464 1.000000 -0.791182
0.998880 0.047334 -0.000064 79.758365 -0.047334 0.998879 0.000475 -3.278332 0.000087 -0.000472 1.000000 -0.792389
0.998838 0.048203 -0.000065 80.036233 -0.048203 0.998838 0.000484 -3.298314 0.000088 -0.000480 1.000000 -0.795136
0.998826 0.048456 -0.000065 80.361549 -0.048456 0.998826 0.000486 -3.319427 0.000089 -0.000483 1.000000 -0.798356
0.998863 0.047680 -0.000065 80.536404 -0.047680 0.998863 0.000479 -3.327756 0.000087 -0.000475 1.000000 -0.800091
0.998856 0.047844 -0.000065 80.751228 -0.047843 0.998855 0.000480 -3.341677 0.000088 -0.000477 1.000000 -0.802217
0.998868 0.047588 -0.000064 81.035901 -0.047588 0.998867 0.000478 -3.358514 0.000087 -0.000474 1.000000 -0.805037
0.998909 0.046714 -0.000063 81.313912 -0.046714 0.998909 0.000469 -3.372571 0.000085 -0.000465 1.000000 -0.807795
0.998972 0.045357 -0.000062 81.581532 -0.045357 0.998971 0.000455 -3.383914 0.000083 -0.000452 1.000000 -0.810453
0.999090 0.042672 -0.000059 81.791041 -0.042672 0.999089 0.000428 -3.386994 0.000077 -0.000425 1.000000 -0.812544
0.999235 0.039133 -0.000055 82.049119 -0.039133 0.999234 0.000393 -3.389219 0.000070 -0.000390 1.000000 -0.815121
0.999317 0.036972 -0.000052 82.233344 -0.036972 0.999317 0.000371 -3.391582 0.000066 -0.000369 1.000000 -0.816960
0.999477 0.032372 -0.000046 82.506905 -0.032372 0.999476 0.000325 -3.389383 0.000057 -0.000323 1.000000 -0.819699
0.999603 0.028213 -0.000041 82.702928 -0.028213 0.999602 0.000283 -3.384054 0.000049 -0.000282 1.000000 -0.821668
0.999684 0.025190 -0.000037 82.884899 -0.025190 0.999683 0.000252 -3.381293 0.000043 -0.000251 1.000000 -0.823492
0.999818 0.019144 -0.000029 83.156678 -0.019144 0.999817 0.000192 -3.370694 0.000032 -0.000191 1.000000 -0.826226
0.999903 0.013968 -0.000021 83.337305 -0.013968 0.999903 0.000140 -3.358594 0.000023 -0.000140 1.000000 -0.828052
0.999969 0.007925 -0.000012 83.592500 -0.007925 0.999969 0.000079 -3.344600 0.000013 -0.000079 1.000000 -0.830626
0.999996 0.003226 -0.000005 83.783139 -0.003225 0.999995 0.000032 -3.332675 0.000005 -0.000032 1.000000 -0.832552
0.999995 -0.003411 0.000005 84.031628 0.003411 0.999995 -0.000034 -3.313786 -0.000005 0.000034 1.000000 -0.835067
0.999966 -0.008296 0.000014 84.222547 0.008296 0.999966 -0.000083 -3.298890 -0.000013 0.000083 1.000000 -0.837000
0.999878 -0.015695 0.000026 84.471753 0.015695 0.999877 -0.000157 -3.274735 -0.000024 0.000157 1.000000 -0.839530
0.999716 -0.023884 0.000041 84.722455 0.023884 0.999715 -0.000238 -3.245716 -0.000035 0.000239 1.000000 -0.842084
0.999500 -0.031634 0.000055 84.968315 0.031634 0.999500 -0.000316 -3.216084 -0.000045 0.000317 1.000000 -0.844590
0.999381 -0.035211 0.000062 85.069913 0.035211 0.999380 -0.000351 -3.202043 -0.000050 0.000353 1.000000 -0.845628
0.999001 -0.044713 0.000081 85.305715 0.044713 0.999000 -0.000446 -3.163624 -0.000061 0.000449 1.000000 -0.848047
0.998524 -0.054324 0.000101 85.542131 0.054324 0.998524 -0.000541 -3.122672 -0.000072 0.000546 1.000000 -0.850477
0.998203 -0.059934 0.000113 85.680162 0.059934 0.998203 -0.000596 -3.097679 -0.000077 0.000602 1.000000 -0.851897
0.997808 -0.066194 0.000127 85.855452 0.066194 0.997807 -0.000658 -3.068005 -0.000083 0.000665 1.000000 -0.853697
0.996953 -0.078019 0.000155 86.142118 0.078020 0.996952 -0.000775 -3.011060 -0.000094 0.000785 1.000000 -0.856655
0.996674 -0.081498 0.000163 86.228426 0.081498 0.996674 -0.000810 -2.993500 -0.000097 0.000820 1.000000 -0.857546
0.996037 -0.088954 0.000181 86.439166 0.088954 0.996036 -0.000883 -2.952976 -0.000102 0.000896 1.000000 -0.859718
0.995150 -0.098373 0.000205 86.673181 0.098373 0.995150 -0.000976 -2.902108 -0.000108 0.000991 1.000000 -0.862139
0.994660 -0.103213 0.000218 86.804322 0.103214 0.994659 -0.001024 -2.874066 -0.000111 0.001041 1.000000 -0.863495
0.993765 -0.111504 0.000240 87.009911 0.111505 0.993764 -0.001105 -2.826442 -0.000115 0.001125 0.999999 -0.865627
0.992743 -0.120260 0.000264 87.226515 0.120260 0.992742 -0.001191 -2.774102 -0.000119 0.001214 0.999999 -0.867876
0.992380 -0.123219 0.000272 87.316265 0.123219 0.992379 -0.001220 -2.754074 -0.000120 0.001244 0.999999 -0.868806
0.991414 -0.130767 0.000294 87.520771 0.130768 0.991413 -0.001294 -2.704593 -0.000122 0.001321 0.999999 -0.870930
0.990145 -0.140054 0.000322 87.759323 0.140055 0.990144 -0.001385 -2.642614 -0.000124 0.001416 0.999999 -0.873414
0.989560 -0.144128 0.000334 87.890540 0.144128 0.989559 -0.001425 -2.611404 -0.000125 0.001458 0.999999 -0.874776
0.988247 -0.152874 0.000361 88.111222 0.152874 0.988245 -0.001510 -2.550925 -0.000126 0.001548 0.999999 -0.877079
0.986718 -0.162448 0.000392 88.334699 0.162448 0.986717 -0.001603 -2.485167 -0.000126 0.001646 0.999999 -0.879419
0.985790 -0.167988 0.000410 88.486906 0.167988 0.985788 -0.001657 -2.442539 -0.000125 0.001703 0.999999 -0.881009
0.984576 -0.174960 0.000433 88.659954 0.174960 0.984575 -0.001725 -2.390485 -0.000124 0.001774 0.999999 -0.882822
0.982507 -0.186230 0.000472 88.884666 0.186230 0.982505 -0.001834 -2.312645 -0.000122 0.001890 0.999998 -0.885193
0.981126 -0.193375 0.000497 89.022130 0.193375 0.981124 -0.001904 -2.262639 -0.000119 0.001964 0.999998 -0.886648
0.978987 -0.203926 0.000535 89.184534 0.203926 0.978985 -0.002006 -2.194699 -0.000115 0.002073 0.999998 -0.888380
0.974706 -0.223495 0.000609 89.465184 0.223496 0.974703 -0.002195 -2.067525 -0.000103 0.002275 0.999997 -0.891389
0.973029 -0.230686 0.000637 89.560078 0.230687 0.973026 -0.002264 -2.021129 -0.000098 0.002350 0.999997 -0.892412
0.969115 -0.246613 0.000702 89.771779 0.246614 0.969112 -0.002417 -1.914815 -0.000084 0.002515 0.999997 -0.894698
0.965723 -0.259576 0.000756 89.933005 0.259577 0.965720 -0.002541 -1.827715 -0.000071 0.002650 0.999997 -0.896449
0.960123 -0.279578 0.000844 90.173728 0.279580 0.960119 -0.002732 -1.691815 -0.000046 0.002859 0.999996 -0.899073
0.955938 -0.293569 0.000908 90.327611 0.293570 0.955934 -0.002866 -1.596866 -0.000027 0.003006 0.999996 -0.900763
0.948848 -0.315734 0.001014 90.550775 0.315735 0.948843 -0.003076 -1.447069 0.000009 0.003239 0.999995 -0.903234
0.943134 -0.332414 0.001098 90.698443 0.332416 0.943128 -0.003234 -1.335896 0.000039 0.003415 0.999994 -0.904887
0.933923 -0.357474 0.001230 90.905565 0.357476 0.933917 -0.003470 -1.167359 0.000091 0.003680 0.999993 -0.907227
0.927134 -0.374729 0.001325 91.048069 0.374731 0.927127 -0.003631 -1.046912 0.000132 0.003863 0.999993 -0.908844
0.916143 -0.400851 0.001477 91.258341 0.400853 0.916135 -0.003875 -0.859382 0.000200 0.004142 0.999991 -0.911245
0.908187 -0.418564 0.001585 91.393737 0.418567 0.908178 -0.004040 -0.729661 0.000252 0.004332 0.999991 -0.912806
0.896362 -0.443321 0.001742 91.585917 0.443324 0.896352 -0.004268 -0.539744 0.000330 0.004598 0.999989 -0.915030
0.881964 -0.471314 0.001931 91.776919 0.471318 0.881953 -0.004525 -0.326237 0.000430 0.004901 0.999988 -0.917281
0.871711 -0.490018 0.002063 91.898159 0.490022 0.871698 -0.004696 -0.180544 0.000503 0.005105 0.999987 -0.918725
0.859757 -0.510700 0.002216 92.029908 0.510704 0.859743 -0.004884 -0.015468 0.000589 0.005331 0.999986 -0.920305
0.842637 -0.538478 0.002431 92.205803 0.538483 0.842621 -0.005134 0.216526 0.000716 0.005636 0.999984 -0.922434
0.830609 -0.556852 0.002581 92.320442 0.556857 0.830592 -0.005299 0.375653 0.000807 0.005839 0.999983 -0.923834
0.813032 -0.582214 0.002797 92.471228 0.582219 0.813014 -0.005525 0.601043 0.000942 0.006120 0.999981 -0.925701
0.792058 -0.610439 0.003052 92.608714 0.610446 0.792038 -0.005773 0.844251 0.001107 0.006436 0.999979 -0.927463
0.777415 -0.628981 0.003228 92.691130 0.628988 0.777393 -0.005936 1.006792 0.001224 0.006645 0.999977 -0.928546
0.760660 -0.649143 0.003427 92.776586 0.649150 0.760636 -0.006110 1.187466 0.001360 0.006873 0.999975 -0.929688
0.737488 -0.675351 0.003701 92.887864 0.675359 0.737462 -0.006336 1.435681 0.001550 0.007172 0.999973 -0.931196
0.720886 -0.693043 0.003895 92.953514 0.693052 0.720859 -0.006486 1.604905 0.001687 0.007375 0.999971 -0.932123
0.696804 -0.717251 0.004174 93.048586 0.717260 0.696774 -0.006690 1.854479 0.001890 0.007656 0.999969 -0.933471
0.680324 -0.732899 0.004364 93.102223 0.732909 0.680293 -0.006820 2.017482 0.002030 0.007838 0.999967 -0.934267
0.654557 -0.755999 0.004659 93.177748 0.756010 0.654523 -0.007010 2.270541 0.002250 0.008110 0.999964 -0.935425
0.637255 -0.770638 0.004855 93.225150 0.770650 0.637220 -0.007129 2.440452 0.002400 0.008284 0.999963 -0.936170
0.610917 -0.791678 0.005152 93.289191 0.791691 0.610879 -0.007297 2.693979 0.002630 0.008537 0.999960 -0.937214
0.593243 -0.805007 0.005350 93.324294 0.805020 0.593203 -0.007403 2.858888 0.002786 0.008698 0.999958 -0.937828
0.560639 -0.828042 0.005713 93.380858 0.828055 0.560596 -0.007581 3.161673 0.003075 0.008981 0.999955 -0.938875
0.543935 -0.839107 0.005897 93.402847 0.839122 0.543891 -0.007665 3.310713 0.003224 0.009118 0.999953 -0.939333
0.525925 -0.850510 0.006095 93.426718 0.850525 0.525879 -0.007750 3.473138 0.003386 0.009260 0.999951 -0.939830
0.501179 -0.865321 0.006367 93.449386 0.865337 0.501131 -0.007859 3.691805 0.003610 0.009448 0.999949 -0.940405
0.485719 -0.874091 0.006535 93.465325 0.874108 0.485669 -0.007922 3.833868 0.003751 0.009560 0.999947 -0.940791
0.470509 -0.882371 0.006700 93.475533 0.882387 0.470457 -0.007981 3.970495 0.003890 0.009667 0.999945 -0.941110
0.441194 -0.897385 0.007017 93.490687 0.897403 0.441139 -0.008084 4.237178 0.004159 0.009864 0.999942 -0.941687
0.432260 -0.901722 0.007114 93.493823 0.901740 0.432204 -0.008113 4.319240 0.004241 0.009922 0.999941 -0.941849
0.411099 -0.911562 0.007341 93.501757 0.911581 0.411041 -0.008178 4.516186 0.004437 0.010054 0.999939 -0.942242
0.388974 -0.921218 0.007578 93.505615 0.921238 0.388915 -0.008239 4.720769 0.004643 0.010186 0.999937 -0.942606
0.376390 -0.926430 0.007712 93.512059 0.926450 0.376329 -0.008272 4.852753 0.004761 0.010258 0.999936 -0.942881
0.364324 -0.931240 0.007840 93.520906 0.931260 0.364262 -0.008300 4.982812 0.004874 0.010325 0.999935 -0.943176
0.342460 -0.939499 0.008072 93.526971 0.939520 0.342396 -0.008348 5.209239 0.005079 0.010443 0.999932 -0.943598
0.335222 -0.942105 0.008148 93.524151 0.942126 0.335158 -0.008363 5.276104 0.005148 0.010480 0.999932 -0.943676
0.317724 -0.948147 0.008333 93.518855 0.948169 0.317658 -0.008395 5.447768 0.005313 0.010569 0.999930 -0.943896
0.302123 -0.953232 0.008497 93.518069 0.953254 0.302055 -0.008421 5.621718 0.005461 0.010644 0.999928 -0.944166
0.294607 -0.955581 0.008576 93.521128 0.955603 0.294539 -0.008433 5.716598 0.005532 0.010680 0.999927 -0.944347
0.284230 -0.958718 0.008685 93.519678 0.958740 0.284160 -0.008448 5.834942 0.005631 0.010728 0.999926 -0.944521
0.267479 -0.963524 0.008860 93.519806 0.963547 0.267408 -0.008469 6.042417 0.005791 0.010802 0.999925 -0.944853
0.262497 -0.964893 0.008912 93.518686 0.964916 0.262425 -0.008475 6.101242 0.005839 0.010824 0.999924 -0.944936
0.250677 -0.968030 0.009035 93.515923 0.968053 0.250604 -0.008487 6.248901 0.005952 0.010874 0.999923 -0.945143
0.238298 -0.971150 0.009164 93.513058 0.971174 0.238224 -0.008499 6.419003 0.006071 0.010925 0.999922 -0.945385
0.231696 -0.972745 0.009233 93.511928 0.972770 0.231621 -0.008504 6.509054 0.006134 0.010952 0.999921 -0.945517
0.224246 -0.974489 0.009310 93.511353 0.974514 0.224171 -0.008510 6.618618 0.006206 0.010981 0.999920 -0.945686
0.210729 -0.977500 0.009450 93.506660 0.977525 0.210652 -0.008518 6.811457 0.006336 0.011032 0.999919 -0.945946
0.206799 -0.978339 0.009490 93.505195 0.978364 0.206721 -0.008521 6.869486 0.006374 0.011047 0.999918 -0.946024
0.193111 -0.981131 0.009632 93.506042 0.981156 0.193033 -0.008527 7.097305 0.006507 0.011097 0.999917 -0.946395
0.189723 -0.981791 0.009667 93.505303 0.981817 0.189644 -0.008528 7.152838 0.006539 0.011109 0.999917 -0.946477
0.185059 -0.982680 0.009715 93.505864 0.982706 0.184979 -0.008529 7.236854 0.006585 0.011125 0.999916 -0.946616
0.173190 -0.984840 0.009837 93.498335 0.984866 0.173110 -0.008532 7.410182 0.006700 0.011166 0.999915 -0.946817
0.167780 -0.985776 0.009892 93.493374 0.985802 0.167699 -0.008533 7.485452 0.006752 0.011184 0.999914 -0.946887
0.163757 -0.986452 0.009934 93.495354 0.986478 0.163676 -0.008533 7.571443 0.006792 0.011197 0.999914 -0.947044
0.156696 -0.987597 0.010006 93.497897 0.987624 0.156613 -0.008533 7.727490 0.006860 0.011220 0.999913 -0.947318
0.152687 -0.988225 0.010047 93.491363 0.988251 0.152604 -0.008533 7.774896 0.006899 0.011232 0.999913 -0.947328
0.146319 -0.989187 0.010113 93.486725 0.989214 0.146235 -0.008533 7.889131 0.006962 0.011252 0.999912 -0.947463
0.140567 -0.990020 0.010171 93.484293 0.990047 0.140483 -0.008532 8.018708 0.007018 0.011269 0.999912 -0.947645
0.136318 -0.990613 0.010215 93.480656 0.990641 0.136234 -0.008531 8.097123 0.007059 0.011282 0.999911 -0.947734
0.131254 -0.991297 0.010267 93.475144 0.991324 0.131169 -0.008530 8.190144 0.007109 0.011297 0.999911 -0.947827
0.124953 -0.992110 0.010331 93.473807 0.992138 0.124868 -0.008528 8.359649 0.007171 0.011315 0.999910 -0.948084
0.122234 -0.992448 0.010359 93.470854 0.992476 0.122148 -0.008527 8.419749 0.007197 0.011323 0.999910 -0.948150
0.116131 -0.993180 0.010421 93.465362 0.993208 0.116045 -0.008525 8.548844 0.007257 0.011340 0.999909 -0.948300
0.111773 -0.993680 0.010465 93.461958 0.993708 0.111687 -0.008523 8.648718 0.007300 0.011352 0.999909 -0.948425
0.106824 -0.994223 0.010516 93.460449 0.994252 0.106737 -0.008520 8.779997 0.007349 0.011365 0.999908 -0.948619
0.103660 -0.994558 0.010548 93.461687 0.994586 0.103572 -0.008519 8.879245 0.007380 0.011374 0.999908 -0.948790
0.097293 -0.995200 0.010612 93.460496 0.995229 0.097205 -0.008515 9.033032 0.007442 0.011390 0.999907 -0.949023
0.095176 -0.995405 0.010634 93.459793 0.995433 0.095088 -0.008513 9.068204 0.007463 0.011396 0.999907 -0.949072
0.091405 -0.995758 0.010672 93.459527 0.995786 0.091316 -0.008511 9.164628 0.007500 0.011405 0.999907 -0.949223
0.087673 -0.996093 0.010710 93.457983 0.996122 0.087584 -0.008508 9.252378 0.007537 0.011414 0.999906 -0.949347
