1.000000 0.000000 0.000000 0.000000 0.000000 1.000000 0.000000 0.000000 0.000000 0.000000 1.000000 0.000000
0.999999 -0.001604 0.000003 0.326696 0.001604 0.999999 -0.000016 0.001224 -0.000003 0.000016 1.000000 -0.003269
0.999969 -0.007819 0.000013 0.917696 0.007819 0.999969 -0.000078 0.017565 -0.000012 0.000078 1.000000 -0.009205
0.999972 -0.007435 0.000012 1.110899 0.007435 0.999972 -0.000074 0.015060 -0.000012 0.000074 1.000000 -0.011133
0.999949 -0.010073 0.000017 1.581381 0.010073 0.999949 -0.000101 0.020723 -0.000016 0.000101 1.000000 -0.015847
0.999881 -0.015411 0.000026 2.103459 0.015411 0.999881 -0.000154 0.038054 -0.000023 0.000154 1.000000 -0.021096
0.999859 -0.016797 0.000028 2.390579 0.016797 0.999859 -0.000168 0.043379 -0.000025 0.000168 1.000000 -0.023976
0.999774 -0.021255 0.000036 2.756858 0.021255 0.999774 -0.000212 0.060252 -0.000032 0.000213 1.000000 -0.027665
0.999674 -0.025521 0.000044 3.372605 0.025521 0.999674 -0.000255 0.080481 -0.000037 0.000256 1.000000 -0.033855
0.999615 -0.027742 0.000048 3.545273 0.027742 0.999615 -0.000277 0.090678 -0.000040 0.000278 1.000000 -0.035598
0.999384 -0.035106 0.000062 3.989393 0.035106 0.999384 -0.000350 0.122863 -0.000050 0.000352 1.000000 -0.040091
0.999156 -0.041071 0.000074 4.540022 0.041071 0.999156 -0.000409 0.155389 -0.000057 0.000412 1.000000 -0.045649
0.999115 -0.042067 0.000076 4.846456 0.042067 0.999115 -0.000419 0.166849 -0.000058 0.000422 1.000000 -0.048732
0.999026 -0.044128 0.000080 5.228798 0.044128 0.999026 -0.000440 0.184547 -0.000061 0.000443 1.000000 -0.052584
0.998988 -0.044982 0.000082 5.851827 0.044982 0.998988 -0.000448 0.206507 -0.000062 0.000451 1.000000 -0.058849
0.999020 -0.044253 0.000080 6.053805 0.044253 0.999020 -0.000441 0.210229 -0.000061 0.000444 1.000000 -0.060875
0.999047 -0.043642 0.000079 6.511189 0.043642 0.999047 -0.000435 0.221750 -0.000060 0.000438 1.000000 -0.065467
0.999127 -0.041780 0.000075 7.045634 0.041780 0.999127 -0.000416 0.230626 -0.000058 0.000419 1.000000 -0.070826
0.999110 -0.042176 0.000076 7.351897 0.042176 0.999110 -0.000420 0.240391 -0.000058 0.000423 1.000000 -0.073904
0.999164 -0.040882 0.000073 7.716908 0.040882 0.999164 -0.000408 0.245944 -0.000057 0.000410 1.000000 -0.077563
0.999165 -0.040857 0.000073 8.355533 0.040857 0.999165 -0.000407 0.263072 -0.000057 0.000410 1.000000 -0.083977
0.999184 -0.040379 0.000072 8.567306 0.040379 0.999184 -0.000403 0.267117 -0.000056 0.000405 1.000000 -0.086101
0.999194 -0.040146 0.000072 9.057450 0.040146 0.999194 -0.000400 0.279114 -0.000056 0.000403 1.000000 -0.091022
0.999204 -0.039890 0.000071 9.574917 0.039890 0.999204 -0.000398 0.291169 -0.000056 0.000400 1.000000 -0.096216
0.999293 -0.037605 0.000067 10.096268 0.037605 0.999293 -0.000375 0.296128 -0.000053 0.000377 1.000000 -0.101438
0.999355 -0.035922 0.000064 10.494683 0.035922 0.999355 -0.000358 0.299492 -0.000051 0.000360 1.000000 -0.105427
0.999377 -0.035286 0.000062 10.972057 0.035286 0.999377 -0.000352 0.307647 -0.000050 0.000354 1.000000 -0.110214
0.999474 -0.032421 0.000057 11.306906 0.032421 0.999474 -0.000323 0.304249 -0.000046 0.000325 1.000000 -0.113557
0.999570 -0.029314 0.000051 11.794232 0.029314 0.999570 -0.000292 0.302169 -0.000042 0.000294 1.000000 -0.118428
0.999581 -0.028956 0.000050 12.198817 0.028956 0.999581 -0.000289 0.307376 -0.000042 0.000290 1.000000 -0.122482
0.999546 -0.030136 0.000053 12.543593 0.030136 0.999546 -0.000301 0.316607 -0.000043 0.000302 1.000000 -0.125944
0.999649 -0.026493 0.000046 13.084228 0.026493 0.999649 -0.000264 0.311519 -0.000039 0.000265 1.000000 -0.131343
0.999693 -0.024768 0.000043 13.567466 0.024768 0.999693 -0.000247 0.311274 -0.000036 0.000248 1.000000 -0.136175
0.999728 -0.023324 0.000040 13.949581 0.023324 0.999728 -0.000233 0.310283 -0.000034 0.000234 1.000000 -0.139995
0.999764 -0.021714 0.000037 14.284263 0.021714 0.999764 -0.000217 0.307667 -0.000032 0.000218 1.000000 -0.143338
0.999857 -0.016907 0.000028 14.799486 0.016907 0.999857 -0.000169 0.294389 -0.000025 0.000169 1.000000 -0.148469
0.999915 -0.013046 0.000022 15.284506 0.013046 0.999915 -0.000130 0.281812 -0.000020 0.000131 1.000000 -0.153299
0.999916 -0.012934 0.000021 15.686877 0.012934 0.999916 -0.000129 0.281339 -0.000020 0.000129 1.000000 -0.157322
0.999936 -0.011303 0.000019 16.170465 0.011303 0.999936 -0.000113 0.274952 -0.000017 0.000113 1.000000 -0.162148
0.999962 -0.008728 0.000014 16.577410 0.008728 0.999962 -0.000087 0.264837 -0.000014 0.000087 1.000000 -0.166202
0.999971 -0.007605 0.000012 17.046142 0.007605 0.999971 -0.000076 0.258101 -0.000012 0.000076 1.000000 -0.170878
0.999987 -0.005085 0.000008 17.420743 0.005085 0.999987 -0.000051 0.246488 -0.000008 0.000051 1.000000 -0.174606
0.999996 -0.002930 0.000005 17.894194 0.002930 0.999996 -0.000029 0.234396 -0.000005 0.000029 1.000000 -0.179321
0.999990 -0.004355 0.000007 18.274508 0.004355 0.999991 -0.000044 0.235321 -0.000007 0.000044 1.000000 -0.183126
0.999983 -0.005827 0.000009 18.765359 0.005826 0.999983 -0.000058 0.235887 -0.000009 0.000058 1.000000 -0.188036
0.999990 -0.004407 0.000007 19.168912 0.004407 0.999990 -0.000044 0.227318 -0.000007 0.000044 1.000000 -0.192058
0.999981 -0.006147 0.000010 19.656549 0.006147 0.999981 -0.000061 0.228845 -0.000010 0.000062 1.000000 -0.196937
0.999981 -0.006151 0.000010 20.051735 0.006151 0.999981 -0.000061 0.225591 -0.000010 0.000062 1.000000 -0.200883
0.999982 -0.005971 0.000010 20.553341 0.005971 0.999982 -0.000060 0.221148 -0.000009 0.000060 1.000000 -0.205893
0.999983 -0.005744 0.000009 20.937528 0.005744 0.999983 -0.000057 0.217254 -0.000009 0.000057 1.000000 -0.209728
0.999972 -0.007409 0.000012 21.408246 0.007409 0.999972 -0.000074 0.219311 -0.000012 0.000074 1.000000 -0.214439
0.999977 -0.006764 0.000011 21.636037 0.006764 0.999977 -0.000068 0.215427 -0.000011 0.000068 1.000000 -0.216711
0.999963 -0.008549 0.000014 22.138399 0.008549 0.999963 -0.000085 0.218035 -0.000013 0.000086 1.000000 -0.221739
0.999950 -0.009947 0.000016 22.698791 0.009947 0.999950 -0.000099 0.219708 -0.000015 0.000100 1.000000 -0.227346
0.999943 -0.010618 0.000017 22.865950 0.010618 0.999944 -0.000106 0.221390 -0.000016 0.000106 1.000000 -0.229020
0.999943 -0.010630 0.000018 23.378373 0.010630 0.999943 -0.000106 0.219706 -0.000016 0.000106 1.000000 -0.234142
0.999933 -0.011595 0.000019 24.032189 0.011595 0.999933 -0.000116 0.221169 -0.000018 0.000116 1.000000 -0.240682
0.999923 -0.012353 0.000020 24.263733 0.012352 0.999924 -0.000123 0.223057 -0.000019 0.000124 1.000000 -0.243001
0.999914 -0.013109 0.000022 24.765996 0.013109 0.999914 -0.000131 0.224903 -0.000020 0.000131 1.000000 -0.248027
0.999885 -0.015139 0.000025 25.364722 0.015139 0.999885 -0.000151 0.231542 -0.000023 0.000152 1.000000 -0.254025
0.999867 -0.016304 0.000027 25.676081 0.016304 0.999867 -0.000163 0.236044 -0.000025 0.000163 1.000000 -0.257146
0.999852 -0.017203 0.000029 26.051007 0.017203 0.999852 -0.000172 0.240148 -0.000026 0.000172 1.000000 -0.260901
0.999810 -0.019486 0.000033 26.700457 0.019486 0.999810 -0.000195 0.250888 -0.000029 0.000195 1.000000 -0.267413
0.999792 -0.020370 0.000035 26.934252 0.020370 0.999792 -0.000203 0.255022 -0.000030 0.000204 1.000000 -0.269758
0.999750 -0.022346 0.000038 27.435072 0.022346 0.999750 -0.000223 0.265242 -0.000033 0.000224 1.000000 -0.274783
0.999729 -0.023280 0.000040 27.993831 0.023280 0.999729 -0.000232 0.273230 -0.000034 0.000233 1.000000 -0.280383
0.999742 -0.022680 0.000039 28.320936 0.022680 0.999743 -0.000226 0.274218 -0.000034 0.000227 1.000000 -0.283656
0.999710 -0.024060 0.000041 28.683725 0.024060 0.999710 -0.000240 0.282401 -0.000035 0.000241 1.000000 -0.287297
0.999648 -0.026533 0.000046 29.325282 0.026533 0.999648 -0.000265 0.298138 -0.000039 0.000266 1.000000 -0.293738
0.999630 -0.027179 0.000047 29.538701 0.027179 0.999630 -0.000271 0.302994 -0.000040 0.000272 1.000000 -0.295880
0.999639 -0.026847 0.000046 30.047243 0.026847 0.999639 -0.000268 0.308380 -0.000039 0.000269 1.000000 -0.300974
0.999623 -0.027460 0.000048 30.596065 0.027460 0.999623 -0.000274 0.317663 -0.000040 0.000275 1.000000 -0.306477
0.999625 -0.027365 0.000047 30.899473 0.027365 0.999625 -0.000273 0.321465 -0.000040 0.000274 1.000000 -0.309517
0.999649 -0.026475 0.000046 31.259536 0.026475 0.999649 -0.000264 0.323183 -0.000039 0.000265 1.000000 -0.313121
0.999709 -0.024109 0.000041 31.925004 0.024109 0.999709 -0.000241 0.322598 -0.000035 0.000242 1.000000 -0.319775
0.999737 -0.022941 0.000039 32.143538 0.022941 0.999736 -0.000229 0.320697 -0.000034 0.000230 1.000000 -0.321957
0.999778 -0.021063 0.000036 32.618652 0.021063 0.999778 -0.000210 0.318222 -0.000031 0.000211 1.000000 -0.326705
0.999846 -0.017511 0.000029 33.192787 0.017511 0.999846 -0.000175 0.309426 -0.000026 0.000175 1.000000 -0.332432
0.999859 -0.016779 0.000028 33.505624 0.016779 0.999859 -0.000168 0.307945 -0.000025 0.000168 1.000000 -0.335558
0.999862 -0.016596 0.000028 33.906638 0.016596 0.999862 -0.000166 0.308600 -0.000025 0.000166 1.000000 -0.339570
0.999881 -0.015406 0.000026 34.558774 0.015406 0.999881 -0.000154 0.305803 -0.000023 0.000154 1.000000 -0.346087
0.999880 -0.015486 0.000026 34.790362 0.015486 0.999880 -0.000155 0.306588 -0.000023 0.000155 1.000000 -0.348404
0.999914 -0.013094 0.000022 35.289374 0.013094 0.999914 -0.000131 0.298879 -0.000020 0.000131 1.000000 -0.353382
0.999921 -0.012572 0.000021 35.824939 0.012572 0.999921 -0.000126 0.296575 -0.000019 0.000126 1.000000 -0.358734
0.999916 -0.012973 0.000022 36.201288 0.012973 0.999915 -0.000130 0.297420 -0.000020 0.000130 1.000000 -0.362499
0.999937 -0.011204 0.000018 36.608786 0.011204 0.999937 -0.000112 0.290625 -0.000017 0.000112 1.000000 -0.366563
0.999936 -0.011266 0.000019 37.280310 0.011266 0.999936 -0.000113 0.288719 -0.000017 0.000113 1.000000 -0.373276
0.999946 -0.010411 0.000017 37.505830 0.010411 0.999946 -0.000104 0.285220 -0.000016 0.000104 1.000000 -0.375525
0.999955 -0.009516 0.000016 38.014784 0.009516 0.999955 -0.000095 0.280370 -0.000015 0.000095 1.000000 -0.380607
0.999957 -0.009267 0.000015 38.614534 0.009267 0.999957 -0.000093 0.276646 -0.000014 0.000093 1.000000 -0.386599
0.999955 -0.009459 0.000016 38.803140 0.009459 0.999955 -0.000095 0.276489 -0.000015 0.000095 1.000000 -0.388485
0.999944 -0.010591 0.000017 39.364673 0.010591 0.999944 -0.000106 0.277989 -0.000016 0.000106 1.000000 -0.394103
0.999926 -0.012168 0.000020 40.031818 0.012168 0.999926 -0.000122 0.282145 -0.000019 0.000122 1.000000 -0.400781
0.999920 -0.012674 0.000021 40.472642 0.012674 0.999919 -0.000127 0.283176 -0.000019 0.000127 1.000000 -0.405191
0.999889 -0.014863 0.000025 41.004801 0.014863 0.999889 -0.000148 0.290190 -0.000023 0.000149 1.000000 -0.410524
0.999874 -0.015838 0.000026 41.396646 0.015838 0.999874 -0.000158 0.294083 -0.000024 0.000159 1.000000 -0.414449
0.999869 -0.016163 0.000027 41.897979 0.016163 0.999869 -0.000161 0.296087 -0.000024 0.000162 1.000000 -0.419466
0.999856 -0.016951 0.000028 42.338759 0.016951 0.999856 -0.000169 0.299596 -0.000026 0.000170 1.000000 -0.423879
0.999846 -0.017534 0.000029 42.870068 0.017534 0.999846 -0.000175 0.303240 -0.000026 0.000176 1.000000 -0.429198
0.999835 -0.018176 0.000031 43.281764 0.018176 0.999835 -0.000182 0.306966 -0.000027 0.000182 1.000000 -0.433321
0.999818 -0.019040 0.000032 43.650495 0.019039 0.999818 -0.000190 0.311586 -0.000029 0.000191 1.000000 -0.437016
0.999806 -0.019662 0.000033 44.210376 0.019662 0.999806 -0.000196 0.316633 -0.000029 0.000197 1.000000 -0.442623
0.999785 -0.020732 0.000035 44.732143 0.020732 0.999785 -0.000207 0.323520 -0.000031 0.000208 1.000000 -0.447852
0.999784 -0.020798 0.000035 45.149929 0.020798 0.999784 -0.000208 0.326510 -0.000031 0.000208 1.000000 -0.452035
0.999783 -0.020806 0.000035 45.682904 0.020806 0.999783 -0.000208 0.330189 -0.000031 0.000208 1.000000 -0.457371
0.999780 -0.020964 0.000036 46.060412 0.020964 0.999780 -0.000209 0.333341 -0.000031 0.000210 1.000000 -0.461151
0.999766 -0.021616 0.000037 46.464742 0.021616 0.999766 -0.000216 0.338522 -0.000032 0.000217 1.000000 -0.465203
0.999752 -0.022255 0.000038 47.029889 0.022255 0.999752 -0.000222 0.345183 -0.000033 0.000223 1.000000 -0.470865
0.999770 -0.021453 0.000036 47.411227 0.021453 0.999770 -0.000214 0.345483 -0.000032 0.000215 1.000000 -0.474679
0.999779 -0.021010 0.000036 47.960545 0.021010 0.999779 -0.000210 0.347736 -0.000031 0.000210 1.000000 -0.480176
0.999770 -0.021424 0.000036 48.478514 0.021424 0.999770 -0.000214 0.352825 -0.000032 0.000215 1.000000 -0.485364
0.999780 -0.020955 0.000036 48.882748 0.020955 0.999780 -0.000209 0.353999 -0.000031 0.000210 1.000000 -0.489408
0.999762 -0.021806 0.000037 49.388711 0.021806 0.999762 -0.000218 0.360518 -0.000032 0.000218 1.000000 -0.494478
0.999755 -0.022149 0.000038 49.802324 0.022149 0.999755 -0.000221 0.364928 -0.000033 0.000222 1.000000 -0.498622
0.999743 -0.022657 0.000039 50.314012 0.022657 0.999743 -0.000226 0.370965 -0.000034 0.000227 1.000000 -0.503748
0.999734 -0.023046 0.000039 50.709989 0.023046 0.999734 -0.000230 0.375598 -0.000034 0.000231 1.000000 -0.507716
0.999686 -0.025061 0.000043 51.205934 0.025061 0.999686 -0.000250 0.387352 -0.000037 0.000251 1.000000 -0.512694
0.999675 -0.025483 0.000044 51.623833 0.025483 0.999675 -0.000254 0.393213 -0.000037 0.000255 1.000000 -0.516882
0.999640 -0.026815 0.000046 52.123612 0.026815 0.999640 -0.000268 0.403779 -0.000039 0.000269 1.000000 -0.521897
0.999623 -0.027435 0.000047 52.527713 0.027435 0.999623 -0.000274 0.410994 -0.000040 0.000275 1.000000 -0.525950
0.999576 -0.029129 0.000051 53.028768 0.029129 0.999576 -0.000291 0.423823 -0.000042 0.000292 1.000000 -0.530981
0.999555 -0.029828 0.000052 53.431030 0.029828 0.999555 -0.000298 0.432215 -0.000043 0.000299 1.000000 -0.535017
0.999528 -0.030719 0.000054 53.922010 0.030718 0.999528 -0.000306 0.443259 -0.000044 0.000308 1.000000 -0.539945
0.999507 -0.031407 0.000055 54.312993 0.031407 0.999507 -0.000313 0.452013 -0.000045 0.000315 1.000000 -0.543868
0.999425 -0.033906 0.000060 54.806933 0.033906 0.999425 -0.000338 0.469463 -0.000048 0.000340 1.000000 -0.548836
0.999456 -0.032987 0.000058 55.215897 0.032987 0.999456 -0.000329 0.474265 -0.000047 0.000331 1.000000 -0.552933
0.999369 -0.035527 0.000063 55.695984 0.035527 0.999369 -0.000354 0.493150 -0.000050 0.000356 1.000000 -0.557764
0.999346 -0.036149 0.000064 56.088817 0.036149 0.999346 -0.000360 0.503615 -0.000051 0.000363 1.000000 -0.561710
0.999322 -0.036825 0.000065 56.576261 0.036825 0.999322 -0.000367 0.516804 -0.000052 0.000369 1.000000 -0.566605
0.999255 -0.038582 0.000069 56.934151 0.038582 0.999255 -0.000385 0.530962 -0.000054 0.000387 1.000000 -0.570207
0.999253 -0.038652 0.000069 57.419386 0.038652 0.999253 -0.000385 0.542965 -0.000054 0.000388 1.000000 -0.575078
0.999244 -0.038880 0.000069 57.816181 0.038880 0.999244 -0.000388 0.553368 -0.000054 0.000390 1.000000 -0.579063
0.999248 -0.038773 0.000069 58.312973 0.038773 0.999248 -0.000387 0.565413 -0.000054 0.000389 1.000000 -0.584050
0.999163 -0.040911 0.000074 58.701953 0.040911 0.999163 -0.000408 0.582693 -0.000057 0.000410 1.000000 -0.587968
0.999063 -0.043278 0.000078 59.180993 0.043278 0.999063 -0.000431 0.603872 -0.000060 0.000434 1.000000 -0.592792
0.999074 -0.043018 0.000078 59.402303 0.043018 0.999074 -0.000429 0.609255 -0.000059 0.000432 1.000000 -0.595014
0.999068 -0.043162 0.000078 60.014636 0.043162 0.999068 -0.000430 0.627804 -0.000059 0.000433 1.000000 -0.601167
0.999084 -0.042792 0.000077 60.337705 0.042792 0.999084 -0.000426 0.636161 -0.000059 0.000429 1.000000 -0.604411
0.999048 -0.043621 0.000079 60.856230 0.043621 0.999048 -0.000435 0.654158 -0.000060 0.000438 1.000000 -0.609625
0.999000 -0.044704 0.000081 61.249509 0.044704 0.999000 -0.000445 0.669579 -0.000061 0.000449 1.000000 -0.613583
0.998972 -0.045329 0.000082 61.725380 0.045329 0.998972 -0.000452 0.686390 -0.000062 0.000455 1.000000 -0.618368
0.998983 -0.045086 0.000082 61.941423 0.045086 0.998983 -0.000449 0.692170 -0.000062 0.000452 1.000000 -0.620538
0.998912 -0.046627 0.000085 62.405753 0.046627 0.998912 -0.000465 0.712038 -0.000063 0.000468 1.000000 -0.625213
0.998898 -0.046938 0.000086 62.890231 0.046938 0.998897 -0.000468 0.729013 -0.000064 0.000471 1.000000 -0.630085
0.998912 -0.046634 0.000085 63.182649 0.046634 0.998912 -0.000465 0.737588 -0.000063 0.000468 1.000000 -0.633023
0.998937 -0.046090 0.000084 63.559394 0.046090 0.998937 -0.000459 0.747753 -0.000063 0.000463 1.000000 -0.636807
0.998920 -0.046462 0.000085 64.185004 0.046462 0.998920 -0.000463 0.769134 -0.000063 0.000466 1.000000 -0.643097
0.998947 -0.045882 0.000084 64.381148 0.045882 0.998947 -0.000457 0.773392 -0.000063 0.000461 1.000000 -0.645065
0.998989 -0.044952 0.000082 64.843574 0.044952 0.998989 -0.000448 0.784807 -0.000061 0.000451 1.000000 -0.649708
0.998995 -0.044819 0.000081 65.366259 0.044819 0.998995 -0.000447 0.800756 -0.000061 0.000450 1.000000 -0.654960
0.999027 -0.044099 0.000080 65.646589 0.044099 0.999027 -0.000439 0.806864 -0.000061 0.000443 1.000000 -0.657774
0.999050 -0.043576 0.000079 66.155419 0.043576 0.999050 -0.000434 0.820172 -0.000060 0.000437 1.000000 -0.662883
0.999055 -0.043451 0.000079 66.575635 0.043451 0.999055 -0.000433 0.832105 -0.000060 0.000436 1.000000 -0.667104
0.999086 -0.042742 0.000077 66.960972 0.042742 0.999086 -0.000426 0.841036 -0.000059 0.000429 1.000000 -0.670972
0.999125 -0.041816 0.000075 67.403182 0.041816 0.999125 -0.000417 0.850530 -0.000058 0.000420 1.000000 -0.675410
0.999119 -0.041958 0.000076 67.747604 0.041958 0.999119 -0.000418 0.860696 -0.000058 0.000421 1.000000 -0.678870
0.999117 -0.042010 0.000076 68.175472 0.042010 0.999117 -0.000419 0.872767 -0.000058 0.000422 1.000000 -0.683168
0.999137 -0.041526 0.000075 68.520792 0.041526 0.999137 -0.000414 0.880598 -0.000058 0.000417 1.000000 -0.686634
0.999166 -0.040832 0.000073 68.961229 0.040832 0.999166 -0.000407 0.890303 -0.000057 0.000410 1.000000 -0.691054
0.999186 -0.040336 0.000072 69.306974 0.040336 0.999186 -0.000402 0.897717 -0.000056 0.000405 1.000000 -0.694523
0.999201 -0.039969 0.000072 69.703895 0.039969 0.999201 -0.000398 0.906857 -0.000056 0.000401 1.000000 -0.698507
0.999213 -0.039667 0.000071 70.037413 0.039667 0.999213 -0.000395 0.914297 -0.000055 0.000398 1.000000 -0.701854
0.999256 -0.038568 0.000069 70.366780 0.038568 0.999256 -0.000385 0.918888 -0.000054 0.000387 1.000000 -0.705155
0.999218 -0.039537 0.000071 70.807247 0.039537 0.999218 -0.000394 0.933021 -0.000055 0.000397 1.000000 -0.709583
0.999281 -0.037917 0.000068 71.114637 0.037917 0.999281 -0.000378 0.934886 -0.000053 0.000380 1.000000 -0.712660
0.999300 -0.037395 0.000067 71.529578 0.037395 0.999300 -0.000373 0.942783 -0.000053 0.000375 1.000000 -0.716822
0.999307 -0.037217 0.000066 71.826910 0.037217 0.999307 -0.000371 0.948955 -0.000052 0.000373 1.000000 -0.719805
0.999267 -0.038267 0.000068 72.229331 0.038267 0.999267 -0.000382 0.961954 -0.000054 0.000384 1.000000 -0.723850
0.999294 -0.037555 0.000067 72.527867 0.037555 0.999294 -0.000374 0.966581 -0.000053 0.000377 1.000000 -0.726843
0.999255 -0.038594 0.000069 73.031665 0.038594 0.999255 -0.000385 0.982046 -0.000054 0.000387 1.000000 -0.731906
0.999231 -0.039206 0.000070 73.188102 0.039206 0.999231 -0.000391 0.987972 -0.000055 0.000393 1.000000 -0.733480
0.999209 -0.039760 0.000071 73.570361 0.039760 0.999209 -0.000396 0.999517 -0.000055 0.000399 1.000000 -0.737321
0.999200 -0.039976 0.000072 73.985074 0.039976 0.999200 -0.000399 1.010755 -0.000056 0.000401 1.000000 -0.741486
0.999186 -0.040339 0.000072 74.235271 0.040339 0.999186 -0.000402 1.018425 -0.000056 0.000405 1.000000 -0.744000
0.999217 -0.039562 0.000071 74.519900 0.039562 0.999217 -0.000394 1.023083 -0.000055 0.000397 1.000000 -0.746854
0.999217 -0.039556 0.000071 75.000701 0.039556 0.999217 -0.000394 1.035718 -0.000055 0.000397 1.000000 -0.751682
0.999247 -0.038806 0.000069 75.140811 0.038806 0.999246 -0.000387 1.036688 -0.000054 0.000389 1.000000 -0.753085
0.999346 -0.036149 0.000064 75.497092 0.036149 0.999346 -0.000360 1.036413 -0.000051 0.000363 1.000000 -0.756648
0.999367 -0.035575 0.000063 75.883514 0.035574 0.999367 -0.000355 1.043009 -0.000050 0.000357 1.000000 -0.760522
0.999390 -0.034914 0.000062 76.121654 0.034914 0.999390 -0.000348 1.045780 -0.000050 0.000350 1.000000 -0.762908
0.999447 -0.033243 0.000058 76.386741 0.033243 0.999447 -0.000332 1.045487 -0.000047 0.000333 1.000000 -0.765559
0.999535 -0.030497 0.000053 76.836814 0.030497 0.999535 -0.000304 1.044247 -0.000044 0.000306 1.000000 -0.770058
0.999573 -0.029206 0.000051 76.973329 0.029206 0.999573 -0.000291 1.042129 -0.000042 0.000293 1.000000 -0.771420
0.999615 -0.027750 0.000048 77.343576 0.027750 0.999615 -0.000277 1.042864 -0.000040 0.000278 1.000000 -0.775123
0.999636 -0.026959 0.000047 77.715844 0.026959 0.999636 -0.000269 1.045131 -0.000039 0.000270 1.000000 -0.778850
0.999632 -0.027112 0.000047 77.934200 0.027112 0.999632 -0.000271 1.048391 -0.000040 0.000272 1.000000 -0.781039
0.999648 -0.026522 0.000046 78.177123 0.026522 0.999648 -0.000265 1.049266 -0.000039 0.000266 1.000000 -0.783469
0.999677 -0.025406 0.000044 78.634289 0.025406 0.999677 -0.000254 1.051156 -0.000037 0.000255 1.000000 -0.788044
0.999674 -0.025542 0.000044 78.768737 0.025542 0.999673 -0.000255 1.053245 -0.000037 0.000256 1.000000 -0.789392
0.999677 -0.025401 0.000044 79.103705 0.025401 0.999677 -0.000254 1.056580 -0.000037 0.000255 1.000000 -0.792747
0.999689 -0.024953 0.000043 79.455421 0.024953 0.999688 -0.000249 1.059138 -0.000037 0.000250 1.000000 -0.796268
0.999692 -0.024800 0.000043 79.672856 0.024800 0.999692 -0.000248 1.061034 -0.000036 0.000248 1.000000 -0.798446
0.999689 -0.024955 0.000043 79.886606 0.024955 0.999688 -0.000249 1.063794 -0.000037 0.000250 1.000000 -0.800588
0.999704 -0.024325 0.000042 80.313464 0.024325 0.999704 -0.000243 1.066098 -0.000036 0.000244 1.000000 -0.804860
0.999693 -0.024774 0.000043 80.438774 0.024774 0.999693 -0.000247 1.068828 -0.000036 0.000248 1.000000 -0.806118
0.999702 -0.024417 0.000042 80.740035 0.024417 0.999702 -0.000244 1.070636 -0.000036 0.000245 1.000000 -0.809133
0.999686 -0.025053 0.000043 81.129959 0.025053 0.999686 -0.000250 1.076993 -0.000037 0.000251 1.000000 -0.813043
0.999695 -0.024704 0.000042 81.276527 0.024704 0.999695 -0.000247 1.077370 -0.000036 0.000248 1.000000 -0.814509
0.999706 -0.024230 0.000042 81.495550 0.024230 0.999706 -0.000242 1.078329 -0.000036 0.000243 1.000000 -0.816701
0.999717 -0.023782 0.000041 81.901874 0.023782 0.999717 -0.000237 1.080629 -0.000035 0.000238 1.000000 -0.820768
0.999724 -0.023508 0.000040 82.020555 0.023508 0.999723 -0.000235 1.080900 -0.000035 0.000236 1.000000 -0.821955
0.999691 -0.024843 0.000043 82.320668 0.024842 0.999691 -0.000248 1.088338 -0.000036 0.000249 1.000000 -0.824968
0.999714 -0.023927 0.000041 82.637359 0.023927 0.999713 -0.000239 1.088413 -0.000035 0.000240 1.000000 -0.828135
0.999704 -0.024311 0.000042 82.832336 0.024311 0.999704 -0.000243 1.091634 -0.000036 0.000244 1.000000 -0.830090
0.999702 -0.024423 0.000042 83.051227 0.024423 0.999701 -0.000244 1.094383 -0.000036 0.000245 1.000000 -0.832284
0.999721 -0.023639 0.000040 83.442348 0.023639 0.999720 -0.000236 1.095516 -0.000035 0.000237 1.000000 -0.836197
0.999722 -0.023592 0.000040 83.560885 0.023592 0.999721 -0.000235 1.096465 -0.000035 0.000236 1.000000 -0.837384
0.999710 -0.024085 0.000041 83.844802 0.024085 0.999710 -0.000240 1.100730 -0.000035 0.000241 1.000000 -0.840230
0.999730 -0.023224 0.000040 84.153924 0.023224 0.999730 -0.000232 1.100794 -0.000034 0.000233 1.000000 -0.843321
0.999737 -0.022913 0.000039 84.343210 0.022913 0.999737 -0.000229 1.101489 -0.000034 0.000230 1.000000 -0.845215
0.999739 -0.022838 0.000039 84.564731 0.022838 0.999739 -0.000228 1.103008 -0.000034 0.000229 1.000000 -0.847433
0.999756 -0.022100 0.000038 84.964635 0.022100 0.999756 -0.000221 1.103572 -0.000033 0.000221 1.000000 -0.851433
0.999751 -0.022322 0.000038 85.071286 0.022322 0.999751 -0.000223 1.105253 -0.000033 0.000224 1.000000 -0.852502
0.999747 -0.022482 0.000038 85.350134 0.022482 0.999747 -0.000224 1.108187 -0.000033 0.000225 1.000000 -0.855296
0.999758 -0.022013 0.000037 85.723282 0.022013 0.999758 -0.000220 1.109910 -0.000033 0.000221 1.000000 -0.859030
0.999763 -0.021749 0.000037 85.854793 0.021749 0.999763 -0.000217 1.110070 -0.000032 0.000218 1.000000 -0.860345
0.999749 -0.022410 0.000038 86.066738 0.022410 0.999749 -0.000224 1.113877 -0.000033 0.000225 1.000000 -0.862471
0.999747 -0.022491 0.000038 86.445327 0.022491 0.999747 -0.000225 1.117023 -0.000033 0.000225 1.000000 -0.866262
0.999742 -0.022721 0.000039 86.557819 0.022721 0.999742 -0.000227 1.118587 -0.000034 0.000228 1.000000 -0.867389
0.999722 -0.023567 0.000040 86.832284 0.023567 0.999722 -0.000235 1.124011 -0.000035 0.000236 1.000000 -0.870143
0.999714 -0.023895 0.000041 87.146672 0.023895 0.999714 -0.000239 1.127961 -0.000035 0.000239 1.000000 -0.873293
0.999733 -0.023104 0.000039 87.335296 0.023104 0.999733 -0.000231 1.127032 -0.000034 0.000231 1.000000 -0.875178
0.999716 -0.023805 0.000041 87.649071 0.023805 0.999716 -0.000238 1.132386 -0.000035 0.000239 1.000000 -0.878324
0.999714 -0.023915 0.000041 87.935839 0.023915 0.999714 -0.000239 1.135605 -0.000035 0.000240 1.000000 -0.881197
0.999704 -0.024309 0.000042 88.046807 0.024309 0.999704 -0.000243 1.138137 -0.000036 0.000244 1.000000 -0.882311
0.999691 -0.024861 0.000043 88.329748 0.024861 0.999691 -0.000248 1.143071 -0.000037 0.000249 1.000000 -0.885148
0.999688 -0.024990 0.000043 88.693928 0.024990 0.999688 -0.000249 1.147400 -0.000037 0.000250 1.000000 -0.888797
0.999680 -0.025296 0.000043 88.826281 0.025296 0.999680 -0.000252 1.149879 -0.000037 0.000253 1.000000 -0.890125
0.999680 -0.025282 0.000043 89.039733 0.025282 0.999680 -0.000252 1.151964 -0.000037 0.000253 1.000000 -0.892263
0.999660 -0.026056 0.000045 89.415032 0.026056 0.999660 -0.000260 1.158865 -0.000038 0.000261 1.000000 -0.896027
0.999664 -0.025925 0.000045 89.582069 0.025925 0.999664 -0.000259 1.160278 -0.000038 0.000260 1.000000 -0.897699
0.999673 -0.025577 0.000044 89.809887 0.025577 0.999673 -0.000255 1.161882 -0.000037 0.000256 1.000000 -0.899980
0.999655 -0.026276 0.000045 90.178622 0.026276 0.999655 -0.000262 1.168561 -0.000038 0.000263 1.000000 -0.903678
0.999655 -0.026286 0.000045 90.315019 0.026286 0.999654 -0.000262 1.170228 -0.000038 0.000263 1.000000 -0.905045
0.999641 -0.026784 0.000046 90.534149 0.026784 0.999641 -0.000267 1.175011 -0.000039 0.000268 1.000000 -0.907244
0.999652 -0.026394 0.000046 90.923748 0.026394 0.999651 -0.000263 1.178449 -0.000039 0.000265 1.000000 -0.911146
0.999643 -0.026702 0.000046 91.038811 0.026702 0.999643 -0.000266 1.180720 -0.000039 0.000268 1.000000 -0.912300
0.999621 -0.027534 0.000048 91.333582 0.027534 0.999621 -0.000275 1.187196 -0.000040 0.000276 1.000000 -0.915258
0.999607 -0.028020 0.000049 91.670095 0.028020 0.999607 -0.000280 1.193387 -0.000041 0.000281 1.000000 -0.918633
0.999568 -0.029396 0.000051 91.869123 0.029396 0.999568 -0.000293 1.200923 -0.000042 0.000295 1.000000 -0.920635
0.999576 -0.029105 0.000051 92.106480 0.029105 0.999576 -0.000290 1.203150 -0.000042 0.000292 1.000000 -0.923013
0.999529 -0.030701 0.000054 92.552167 0.030701 0.999528 -0.000306 1.215855 -0.000044 0.000308 1.000000 -0.927490
0.999521 -0.030943 0.000054 92.682129 0.030943 0.999521 -0.000309 1.218738 -0.000044 0.000310 1.000000 -0.928794
0.999536 -0.030471 0.000053 93.004172 0.030471 0.999535 -0.000304 1.222699 -0.000044 0.000305 1.000000 -0.932021
0.999480 -0.032245 0.000057 93.373523 0.032245 0.999480 -0.000322 1.235042 -0.000046 0.000323 1.000000 -0.935734
0.999484 -0.032116 0.000056 93.591502 0.032116 0.999484 -0.000320 1.238569 -0.000046 0.000322 1.000000 -0.937920
0.999494 -0.031822 0.000056 93.918134 0.031822 0.999493 -0.000317 1.243142 -0.000046 0.000319 1.000000 -0.941194
0.999478 -0.032317 0.000057 94.337065 0.032317 0.999477 -0.000322 1.252320 -0.000046 0.000324 1.000000 -0.945398
0.999457 -0.032960 0.000058 94.473558 0.032960 0.999456 -0.000329 1.257048 -0.000047 0.000330 1.000000 -0.946770
0.999457 -0.032955 0.000058 94.829690 0.032955 0.999457 -0.000329 1.263811 -0.000047 0.000330 1.000000 -0.950342
0.999444 -0.033340 0.000059 95.241078 0.033340 0.999444 -0.000333 1.273048 -0.000048 0.000334 1.000000 -0.954471
0.999422 -0.034001 0.000060 95.496238 0.034001 0.999422 -0.000339 1.280212 -0.000048 0.000341 1.000000 -0.957034
0.999427 -0.033866 0.000060 95.788531 0.033866 0.999426 -0.000338 1.285569 -0.000048 0.000340 1.000000 -0.959966
0.999426 -0.033868 0.000060 96.181369 0.033868 0.999426 -0.000338 1.293567 -0.000048 0.000340 1.000000 -0.963907
0.999396 -0.034759 0.000061 96.470103 0.034759 0.999396 -0.000347 1.302196 -0.000049 0.000349 1.000000 -0.966808
0.999393 -0.034851 0.000062 96.885796 0.034851 0.999392 -0.000348 1.311061 -0.000049 0.000349 1.000000 -0.970979
0.999347 -0.036128 0.000064 97.402608 0.036128 0.999347 -0.000360 1.326639 -0.000051 0.000362 1.000000 -0.976172
0.999361 -0.035757 0.000063 97.586491 0.035757 0.999360 -0.000357 1.329613 -0.000051 0.000359 1.000000 -0.978016
0.999336 -0.036446 0.000065 97.884209 0.036446 0.999336 -0.000363 1.338131 -0.000051 0.000366 1.000000 -0.981007
0.999290 -0.037674 0.000067 98.442162 0.037674 0.999290 -0.000376 1.354874 -0.000053 0.000378 1.000000 -0.986613
0.999299 -0.037448 0.000067 98.603739 0.037448 0.999298 -0.000373 1.357993 -0.000053 0.000376 1.000000 -0.988234
0.999305 -0.037281 0.000066 99.012975 0.037281 0.999305 -0.000372 1.367099 -0.000052 0.000374 1.000000 -0.992341
0.999252 -0.038689 0.000069 99.565502 0.038689 0.999251 -0.000386 1.385151 -0.000054 0.000388 1.000000 -0.997895
0.999231 -0.039211 0.000070 99.750359 0.039211 0.999231 -0.000391 1.391523 -0.000055 0.000393 1.000000 -0.999754
0.999219 -0.039520 0.000071 100.071573 0.039521 0.999219 -0.000394 1.400603 -0.000055 0.000396 1.000000 -1.002981
0.999187 -0.040327 0.000072 100.634085 0.040327 0.999186 -0.000402 1.417428 -0.000056 0.000405 1.000000 -1.008633
0.999227 -0.039307 0.000070 100.802681 0.039307 0.999227 -0.000392 1.418467 -0.000055 0.000394 1.000000 -1.010321
0.999195 -0.040130 0.000072 101.237732 0.040130 0.999194 -0.000400 1.432399 -0.000056 0.000403 1.000000 -1.014693
0.999213 -0.039679 0.000071 101.709423 0.039679 0.999212 -0.000396 1.443297 -0.000055 0.000398 1.000000 -1.019428
0.999267 -0.038294 0.000068 101.983835 0.038294 0.999266 -0.000382 1.445420 -0.000054 0.000384 1.000000 -1.022175
0.999232 -0.039186 0.000070 102.314698 0.039186 0.999232 -0.000391 1.456810 -0.000055 0.000393 1.000000 -1.025502
0.999307 -0.037232 0.000066 102.897100 0.037232 0.999307 -0.000371 1.464557 -0.000052 0.000373 1.000000 -1.031339
0.999277 -0.038031 0.000068 103.064907 0.038031 0.999276 -0.000379 1.471266 -0.000053 0.000381 1.000000 -1.033028
0.999293 -0.037606 0.000067 103.501832 0.037606 0.999292 -0.000375 1.479832 -0.000053 0.000377 1.000000 -1.037411
0.999336 -0.036444 0.000065 104.074711 0.036444 0.999336 -0.000363 1.489375 -0.000051 0.000366 1.000000 -1.043155
0.999387 -0.035022 0.000062 104.278354 0.035022 0.999386 -0.000349 1.489055 -0.000050 0.000351 1.000000 -1.045191
0.999379 -0.035248 0.000062 104.588346 0.035248 0.999378 -0.000352 1.496511 -0.000050 0.000353 1.000000 -1.048303
0.999384 -0.035108 0.000062 105.187792 0.035108 0.999383 -0.000350 1.508617 -0.000050 0.000352 1.000000 -1.054317
0.999396 -0.034754 0.000061 105.351868 0.034754 0.999396 -0.000347 1.510952 -0.000049 0.000349 1.000000 -1.055961
0.999421 -0.034041 0.000060 105.807268 0.034041 0.999420 -0.000340 1.517341 -0.000048 0.000341 1.000000 -1.060526
0.999438 -0.033523 0.000059 106.260545 0.033523 0.999438 -0.000334 1.524165 -0.000048 0.000336 1.000000 -1.065069
0.999357 -0.035865 0.000064 106.541211 0.035865 0.999356 -0.000358 1.537589 -0.000051 0.000360 1.000000 -1.067898
0.999390 -0.034929 0.000062 106.872357 0.034929 0.999390 -0.000348 1.541833 -0.000050 0.000350 1.000000 -1.071216
0.999350 -0.036062 0.000064 107.452158 0.036062 0.999349 -0.000360 1.558028 -0.000051 0.000362 1.000000 -1.077040
0.999338 -0.036376 0.000065 107.632023 0.036376 0.999338 -0.000363 1.563209 -0.000051 0.000365 1.000000 -1.078847
0.999263 -0.038385 0.000069 108.035130 0.038385 0.999263 -0.000383 1.579069 -0.000054 0.000385 1.000000 -1.082903
0.999259 -0.038490 0.000069 108.617507 0.038490 0.999259 -0.000384 1.593375 -0.000054 0.000386 1.000000 -1.088750
0.999280 -0.037937 0.000068 108.806839 0.037937 0.999280 -0.000378 1.596346 -0.000053 0.000381 1.000000 -1.090648
0.999154 -0.041133 0.000074 109.116747 0.041133 0.999153 -0.000410 1.615159 -0.000057 0.000413 1.000000 -1.093777
0.999160 -0.040984 0.000074 109.697515 0.040984 0.999160 -0.000409 1.630828 -0.000057 0.000411 1.000000 -1.099610
0.999081 -0.042878 0.000077 109.861377 0.042878 0.999080 -0.000427 1.642089 -0.000059 0.000430 1.000000 -1.101267
0.999077 -0.042957 0.000078 110.271469 0.042957 0.999077 -0.000428 1.653941 -0.000059 0.000431 1.000000 -1.105387
0.999068 -0.043162 0.000078 110.804315 0.043162 0.999068 -0.000430 1.669827 -0.000059 0.000433 1.000000 -1.110741
0.999030 -0.044042 0.000080 111.006166 0.044042 0.999029 -0.000439 1.678942 -0.000060 0.000442 1.000000 -1.112774
0.999018 -0.044317 0.000080 111.301065 0.044317 0.999017 -0.000442 1.689020 -0.000061 0.000445 1.000000 -1.115739
0.998944 -0.045945 0.000084 111.869046 0.045945 0.998944 -0.000458 1.711664 -0.000063 0.000461 1.000000 -1.121455
0.999013 -0.044431 0.000081 112.036915 0.044431 0.999012 -0.000443 1.711723 -0.000061 0.000446 1.000000 -1.123134
