1.000000 0.000000 0.000000 0.000000 0.000000 1.000000 0.000000 0.000000 0.000000 0.000000 1.000000 0.000000
1.000000 -0.000063 0.000000 0.062691 0.000063 1.000000 -0.000001 -0.000663 -0.000000 0.000001 1.000000 -0.000626
1.000000 -0.000725 0.000001 0.256575 0.000725 1.000000 -0.000007 -0.001094 -0.000001 0.000007 1.000000 -0.002564
1.000000 -0.000358 0.000001 0.899512 0.000358 1.000000 -0.000004 -0.011132 -0.000001 0.000004 1.000000 -0.008978
1.000000 -0.000105 0.000000 1.221239 0.000105 1.000000 -0.000001 -0.016404 -0.000000 0.000001 1.000000 -0.012187
1.000000 -0.000118 0.000000 1.997197 0.000118 1.000000 -0.000001 -0.027034 -0.000000 0.000001 1.000000 -0.019930
1.000000 0.000507 -0.000001 3.126426 -0.000507 1.000000 0.000005 -0.045082 0.000001 -0.000005 1.000000 -0.031194
1.000000 0.000346 -0.000001 3.691245 -0.000346 1.000000 0.000003 -0.052591 0.000001 -0.000003 1.000000 -0.036830
1.000000 0.000071 -0.000000 4.553458 -0.000071 1.000000 0.000001 -0.063946 0.000000 -0.000001 1.000000 -0.045434
0.999999 -0.001420 0.000002 5.785412 0.001420 0.999999 -0.000014 -0.075502 -0.000002 0.000014 1.000000 -0.057736
0.999998 -0.002100 0.000003 6.289479 0.002100 0.999998 -0.000021 -0.079446 -0.000003 0.000021 1.000000 -0.062770
0.999997 -0.002326 0.000004 7.128625 0.002326 0.999997 -0.000023 -0.088783 -0.000004 0.000023 1.000000 -0.071147
0.999998 -0.002258 0.000004 8.255809 0.002258 0.999997 -0.000023 -0.102184 -0.000004 0.000023 1.000000 -0.082398
0.999996 -0.002683 0.000004 8.913453 0.002683 0.999996 -0.000027 -0.108366 -0.000004 0.000027 1.000000 -0.088965
0.999993 -0.003781 0.000006 9.789227 0.003781 0.999993 -0.000038 -0.114069 -0.000006 0.000038 1.000000 -0.097714
0.999992 -0.004059 0.000007 10.487888 0.004059 0.999992 -0.000041 -0.119975 -0.000006 0.000041 1.000000 -0.104691
0.999991 -0.004197 0.000007 11.199446 0.004197 0.999991 -0.000042 -0.126422 -0.000007 0.000042 1.000000 -0.111797
0.999990 -0.004436 0.000007 11.830335 0.004436 0.999990 -0.000044 -0.131589 -0.000007 0.000044 1.000000 -0.118098
0.999989 -0.004654 0.000008 12.501121 0.004654 0.999989 -0.000047 -0.137026 -0.000007 0.000047 1.000000 -0.124797
0.999987 -0.005208 0.000008 13.099877 0.005208 0.999986 -0.000052 -0.140375 -0.000008 0.000052 1.000000 -0.130780
0.999984 -0.005715 0.000009 13.588322 0.005715 0.999984 -0.000057 -0.142710 -0.000009 0.000057 1.000000 -0.135661
0.999985 -0.005533 0.000009 14.297809 0.005533 0.999985 -0.000055 -0.148975 -0.000009 0.000055 1.000000 -0.142746
0.999989 -0.004712 0.000008 14.902287 0.004712 0.999989 -0.000047 -0.157092 -0.000007 0.000047 1.000000 -0.148778
0.999991 -0.004348 0.000007 15.388137 0.004348 0.999991 -0.000043 -0.163043 -0.000007 0.000043 1.000000 -0.153627
0.999996 -0.002946 0.000005 16.068242 0.002946 0.999996 -0.000029 -0.175006 -0.000005 0.000029 1.000000 -0.160409
0.999998 -0.002235 0.000004 16.418101 0.002235 0.999998 -0.000022 -0.181418 -0.000004 0.000022 1.000000 -0.163898
1.000000 -0.001055 0.000002 17.291886 0.001055 1.000000 -0.000011 -0.196223 -0.000002 0.000011 1.000000 -0.172612
1.000000 -0.000322 0.000001 17.910196 0.000323 1.000000 -0.000003 -0.206885 -0.000001 0.000003 1.000000 -0.178779
1.000000 0.000829 -0.000001 18.538313 -0.000829 1.000000 0.000008 -0.219661 0.000001 -0.000008 1.000000 -0.185040
0.999999 0.001727 -0.000003 19.161481 -0.001727 0.999999 0.000017 -0.232078 0.000003 -0.000017 1.000000 -0.191252
0.999997 0.002667 -0.000004 19.783910 -0.002667 0.999996 0.000027 -0.245285 0.000004 -0.000027 1.000000 -0.197455
0.999994 0.003660 -0.000006 20.391570 -0.003660 0.999993 0.000037 -0.258999 0.000006 -0.000037 1.000000 -0.203510
0.999989 0.004652 -0.000007 20.994993 -0.004652 0.999989 0.000047 -0.273272 0.000008 -0.000047 1.000000 -0.209522
0.999986 0.005310 -0.000008 21.552173 -0.005310 0.999986 0.000053 -0.286054 0.000009 -0.000053 1.000000 -0.215073
0.999984 0.005670 -0.000009 21.985060 -0.005670 0.999984 0.000057 -0.295818 0.000009 -0.000057 1.000000 -0.219387
0.999986 0.005432 -0.000009 22.561668 -0.005432 0.999985 0.000054 -0.306368 0.000009 -0.000054 1.000000 -0.225136
0.999986 0.005287 -0.000008 23.128294 -0.005287 0.999986 0.000053 -0.316938 0.000009 -0.000053 1.000000 -0.230786
0.999979 0.006570 -0.000010 23.632516 -0.006570 0.999978 0.000066 -0.331321 0.000011 -0.000066 1.000000 -0.235806
0.999956 0.009372 -0.000014 24.155925 -0.009372 0.999956 0.000094 -0.352235 0.000015 -0.000094 1.000000 -0.241006
0.999943 0.010732 -0.000017 24.691805 -0.010732 0.999942 0.000107 -0.369568 0.000018 -0.000107 1.000000 -0.246338
0.999931 0.011741 -0.000018 25.020073 -0.011741 0.999931 0.000118 -0.381191 0.000019 -0.000117 1.000000 -0.249602
0.999886 0.015084 -0.000023 25.665628 -0.015084 0.999886 0.000151 -0.409810 0.000025 -0.000151 1.000000 -0.256012
0.999813 0.019342 -0.000029 26.307227 -0.019342 0.999813 0.000194 -0.443940 0.000033 -0.000193 1.000000 -0.262374
0.999751 0.022335 -0.000033 26.837949 -0.022335 0.999751 0.000224 -0.472397 0.000038 -0.000223 1.000000 -0.267636
0.999733 0.023097 -0.000034 27.259939 -0.023097 0.999733 0.000231 -0.490418 0.000039 -0.000231 1.000000 -0.271828
0.999755 0.022128 -0.000033 27.900407 -0.022128 0.999755 0.000222 -0.510674 0.000038 -0.000221 1.000000 -0.278200
0.999789 0.020559 -0.000031 28.444092 -0.020559 0.999789 0.000206 -0.524636 0.000035 -0.000205 1.000000 -0.283615
0.999842 0.017797 -0.000027 28.993449 -0.017797 0.999842 0.000178 -0.533674 0.000030 -0.000178 1.000000 -0.289094
0.999885 0.015162 -0.000023 29.541955 -0.015162 0.999885 0.000152 -0.541662 0.000025 -0.000151 1.000000 -0.294567
0.999905 0.013812 -0.000021 30.019130 -0.013812 0.999904 0.000138 -0.550927 0.000023 -0.000138 1.000000 -0.299324
0.999931 0.011738 -0.000018 30.574474 -0.011738 0.999931 0.000117 -0.559054 0.000019 -0.000117 1.000000 -0.304865
0.999967 0.008082 -0.000013 31.225571 -0.008082 0.999967 0.000081 -0.562835 0.000013 -0.000081 1.000000 -0.311370
0.999990 0.004608 -0.000007 31.788037 -0.004608 0.999989 0.000046 -0.562902 0.000007 -0.000046 1.000000 -0.316995
1.000000 0.000532 -0.000001 32.339249 -0.000532 1.000000 0.000005 -0.558886 0.000001 -0.000005 1.000000 -0.322513
0.999992 -0.004044 0.000007 32.893205 0.004044 0.999992 -0.000040 -0.550453 -0.000006 0.000040 1.000000 -0.328067
0.999968 -0.008035 0.000013 33.454890 0.008035 0.999968 -0.000080 -0.542214 -0.000012 0.000080 1.000000 -0.333697
0.999942 -0.010808 0.000018 33.911556 0.010808 0.999942 -0.000108 -0.535591 -0.000017 0.000108 1.000000 -0.338274
0.999889 -0.014935 0.000025 34.486389 0.014935 0.999888 -0.000149 -0.522689 -0.000023 0.000150 1.000000 -0.344043
0.999844 -0.017647 0.000030 35.169133 0.017647 0.999844 -0.000176 -0.512473 -0.000027 0.000177 1.000000 -0.350887
0.999801 -0.019939 0.000034 35.733454 0.019939 0.999801 -0.000199 -0.502299 -0.000030 0.000200 1.000000 -0.356547
0.999745 -0.022611 0.000039 36.313844 0.022611 0.999744 -0.000226 -0.489363 -0.000033 0.000227 1.000000 -0.362371
0.999703 -0.024383 0.000042 36.873881 0.024383 0.999703 -0.000243 -0.478393 -0.000036 0.000244 1.000000 -0.367989
0.999662 -0.026008 0.000045 37.459261 0.026008 0.999662 -0.000260 -0.466534 -0.000038 0.000261 1.000000 -0.373862
0.999637 -0.026966 0.000047 37.985459 0.026966 0.999636 -0.000269 -0.456827 -0.000039 0.000270 1.000000 -0.379140
0.999588 -0.028693 0.000050 38.612443 0.028693 0.999588 -0.000286 -0.442451 -0.000042 0.000288 1.000000 -0.385433
0.999562 -0.029603 0.000052 39.112715 0.029603 0.999562 -0.000295 -0.431926 -0.000043 0.000297 1.000000 -0.390453
0.999529 -0.030695 0.000054 39.783297 0.030695 0.999529 -0.000306 -0.417636 -0.000044 0.000308 1.000000 -0.397181
0.999501 -0.031606 0.000055 40.276936 0.031606 0.999500 -0.000315 -0.406169 -0.000045 0.000317 1.000000 -0.402136
0.999460 -0.032857 0.000058 40.950974 0.032857 0.999460 -0.000328 -0.389693 -0.000047 0.000329 1.000000 -0.408903
0.999406 -0.034475 0.000061 41.539832 0.034475 0.999406 -0.000344 -0.372687 -0.000049 0.000346 1.000000 -0.414819
0.999375 -0.035367 0.000063 42.125149 0.035367 0.999374 -0.000353 -0.357361 -0.000050 0.000355 1.000000 -0.420697
0.999329 -0.036638 0.000065 42.716332 0.036638 0.999329 -0.000365 -0.340068 -0.000052 0.000367 1.000000 -0.426636
0.999253 -0.038650 0.000069 43.320318 0.038650 0.999253 -0.000385 -0.319162 -0.000054 0.000388 1.000000 -0.432710
0.999209 -0.039765 0.000071 43.916427 0.039765 0.999209 -0.000396 -0.300551 -0.000055 0.000399 1.000000 -0.438701
0.999156 -0.041071 0.000074 44.524010 0.041071 0.999156 -0.000409 -0.280136 -0.000057 0.000412 1.000000 -0.444809
0.999116 -0.042043 0.000076 45.126800 0.042043 0.999116 -0.000419 -0.260334 -0.000058 0.000422 1.000000 -0.450869
0.999084 -0.042795 0.000077 45.748673 0.042795 0.999084 -0.000427 -0.240079 -0.000059 0.000429 1.000000 -0.457120
0.999075 -0.042994 0.000078 46.362088 0.042994 0.999075 -0.000428 -0.221636 -0.000059 0.000431 1.000000 -0.463284
0.999080 -0.042889 0.000078 46.986154 0.042889 0.999080 -0.000427 -0.203940 -0.000059 0.000430 1.000000 -0.469553
0.999093 -0.042579 0.000077 47.606399 0.042579 0.999093 -0.000424 -0.187208 -0.000059 0.000427 1.000000 -0.475782
0.999115 -0.042074 0.000076 48.239761 0.042074 0.999114 -0.000419 -0.170841 -0.000058 0.000422 1.000000 -0.482142
0.999114 -0.042096 0.000076 48.782714 0.042096 0.999114 -0.000420 -0.155348 -0.000058 0.000422 1.000000 -0.487596
0.999123 -0.041864 0.000075 49.505029 0.041864 0.999123 -0.000417 -0.135847 -0.000058 0.000420 1.000000 -0.494851
0.999115 -0.042057 0.000076 50.140047 0.042057 0.999115 -0.000419 -0.117321 -0.000058 0.000422 1.000000 -0.501231
0.999138 -0.041503 0.000075 50.790356 0.041503 0.999138 -0.000414 -0.101110 -0.000057 0.000416 1.000000 -0.507760
0.999173 -0.040662 0.000073 51.352122 0.040662 0.999173 -0.000405 -0.088766 -0.000056 0.000408 1.000000 -0.513397
0.999238 -0.039038 0.000070 51.952470 0.039037 0.999238 -0.000389 -0.078718 -0.000055 0.000392 1.000000 -0.519417
0.999303 -0.037339 0.000066 52.731148 0.037339 0.999303 -0.000372 -0.065503 -0.000052 0.000375 1.000000 -0.527225
0.999357 -0.035855 0.000064 53.401421 0.035855 0.999357 -0.000358 -0.055258 -0.000051 0.000360 1.000000 -0.533944
0.999416 -0.034179 0.000060 54.050194 0.034179 0.999416 -0.000341 -0.047157 -0.000049 0.000343 1.000000 -0.540445
0.999467 -0.032635 0.000057 54.578047 0.032635 0.999467 -0.000326 -0.042115 -0.000047 0.000327 1.000000 -0.545732
0.999527 -0.030765 0.000054 55.383918 0.030765 0.999527 -0.000307 -0.033983 -0.000044 0.000308 1.000000 -0.553804
0.999565 -0.029489 0.000051 55.918614 0.029489 0.999565 -0.000294 -0.029579 -0.000043 0.000296 1.000000 -0.559158
0.999624 -0.027410 0.000047 56.730670 0.027410 0.999624 -0.000274 -0.024673 -0.000040 0.000275 1.000000 -0.567287
0.999664 -0.025919 0.000045 57.419073 0.025919 0.999664 -0.000259 -0.020999 -0.000038 0.000260 1.000000 -0.574177
0.999710 -0.024066 0.000041 58.032250 0.024066 0.999710 -0.000240 -0.020507 -0.000035 0.000241 1.000000 -0.580310
0.999760 -0.021902 0.000037 58.781286 0.021902 0.999760 -0.000219 -0.020917 -0.000032 0.000219 1.000000 -0.587800
0.999793 -0.020342 0.000034 59.464811 0.020342 0.999793 -0.000203 -0.021088 -0.000030 0.000204 1.000000 -0.594635
0.999831 -0.018405 0.000031 60.291348 0.018405 0.999831 -0.000184 -0.023049 -0.000028 0.000184 1.000000 -0.602897
0.999856 -0.016956 0.000028 60.849309 0.016956 0.999856 -0.000169 -0.025761 -0.000026 0.000170 1.000000 -0.608473
0.999884 -0.015257 0.000025 61.555882 0.015257 0.999884 -0.000152 -0.029950 -0.000023 0.000153 1.000000 -0.615532
0.999912 -0.013257 0.000022 62.396893 0.013257 0.999912 -0.000132 -0.036214 -0.000020 0.000133 1.000000 -0.623933
0.999929 -0.011922 0.000020 62.962707 0.011922 0.999929 -0.000119 -0.041311 -0.000018 0.000119 1.000000 -0.629583
0.999949 -0.010091 0.000017 63.665242 0.010091 0.999949 -0.000101 -0.049335 -0.000016 0.000101 1.000000 -0.636596
0.999965 -0.008409 0.000014 64.520598 0.008409 0.999965 -0.000084 -0.059027 -0.000013 0.000084 1.000000 -0.645134
0.999969 -0.007825 0.000013 65.094900 0.007825 0.999969 -0.000078 -0.064356 -0.000012 0.000078 1.000000 -0.650869
0.999972 -0.007492 0.000012 65.673545 0.007492 0.999972 -0.000075 -0.069065 -0.000012 0.000075 1.000000 -0.656648
0.999974 -0.007167 0.000012 66.689137 0.007167 0.999974 -0.000072 -0.076888 -0.000011 0.000072 1.000000 -0.666792
0.999974 -0.007276 0.000012 67.116617 0.007276 0.999974 -0.000073 -0.079336 -0.000011 0.000073 1.000000 -0.671063
0.999973 -0.007341 0.000012 67.995216 0.007341 0.999973 -0.000073 -0.084897 -0.000011 0.000073 1.000000 -0.679840
0.999973 -0.007376 0.000012 68.876473 0.007376 0.999973 -0.000074 -0.090618 -0.000011 0.000074 1.000000 -0.688644
0.999971 -0.007648 0.000012 69.330556 0.007648 0.999971 -0.000076 -0.092698 -0.000012 0.000077 1.000000 -0.693182
0.999976 -0.006992 0.000011 70.215162 0.006992 0.999976 -0.000070 -0.100850 -0.000011 0.000070 1.000000 -0.702015
0.999976 -0.006913 0.000011 71.105393 0.006913 0.999976 -0.000069 -0.107289 -0.000011 0.000069 1.000000 -0.710907
0.999978 -0.006644 0.000011 71.705669 0.006644 0.999978 -0.000066 -0.112509 -0.000010 0.000066 1.000000 -0.716902
0.999975 -0.007032 0.000011 72.155177 0.007032 0.999975 -0.000070 -0.114407 -0.000011 0.000070 1.000000 -0.721394
0.999974 -0.007228 0.000012 73.354405 0.007228 0.999974 -0.000072 -0.122033 -0.000011 0.000072 1.000000 -0.733375
0.999971 -0.007621 0.000012 73.839382 0.007621 0.999971 -0.000076 -0.123923 -0.000012 0.000076 1.000000 -0.738222
0.999969 -0.007799 0.000013 74.568529 0.007799 0.999970 -0.000078 -0.127923 -0.000012 0.000078 1.000000 -0.745507
0.999968 -0.008034 0.000013 75.642828 0.008034 0.999968 -0.000080 -0.133600 -0.000012 0.000080 1.000000 -0.756241
0.999963 -0.008587 0.000014 76.257616 0.008587 0.999963 -0.000086 -0.135287 -0.000013 0.000086 1.000000 -0.762387
0.999965 -0.008398 0.000014 77.023907 0.008398 0.999965 -0.000084 -0.140226 -0.000013 0.000084 1.000000 -0.770042
0.999966 -0.008272 0.000014 77.952122 0.008272 0.999966 -0.000083 -0.145940 -0.000013 0.000083 1.000000 -0.779315
0.999969 -0.007850 0.000013 78.466176 0.007850 0.999969 -0.000078 -0.150402 -0.000012 0.000079 1.000000 -0.784449
0.999975 -0.007114 0.000012 79.363088 0.007114 0.999975 -0.000071 -0.158554 -0.000011 0.000071 1.000000 -0.793405
0.999974 -0.007261 0.000012 80.306337 0.007261 0.999974 -0.000073 -0.164223 -0.000011 0.000073 1.000000 -0.802829
0.999978 -0.006601 0.000011 80.939969 0.006601 0.999978 -0.000066 -0.170783 -0.000010 0.000066 1.000000 -0.809155
0.999976 -0.006850 0.000011 81.715285 0.006850 0.999977 -0.000068 -0.175414 -0.000011 0.000069 1.000000 -0.816901
0.999980 -0.006351 0.000010 82.666738 0.006351 0.999980 -0.000063 -0.184103 -0.000010 0.000064 1.000000 -0.826402
0.999980 -0.006283 0.000010 83.154736 0.006283 0.999980 -0.000063 -0.188043 -0.000010 0.000063 1.000000 -0.831276
0.999982 -0.005920 0.000010 83.931059 0.005920 0.999983 -0.000059 -0.195268 -0.000009 0.000059 1.000000 -0.839028
0.999987 -0.005135 0.000008 85.047415 0.005135 0.999987 -0.000051 -0.207264 -0.000008 0.000051 1.000000 -0.850173
0.999989 -0.004783 0.000008 85.681655 0.004783 0.999989 -0.000048 -0.214015 -0.000008 0.000048 1.000000 -0.856505
0.999989 -0.004769 0.000008 86.469281 0.004769 0.999989 -0.000048 -0.221060 -0.000007 0.000048 1.000000 -0.864370
0.999983 -0.005783 0.000009 87.424802 0.005783 0.999984 -0.000058 -0.226428 -0.000009 0.000058 1.000000 -0.873917
0.999984 -0.005598 0.000009 87.968957 0.005598 0.999985 -0.000056 -0.231525 -0.000009 0.000056 1.000000 -0.879351
0.999986 -0.005343 0.000009 88.875426 0.005343 0.999986 -0.000053 -0.239990 -0.000008 0.000053 1.000000 -0.888402
0.999977 -0.006710 0.000011 89.846834 0.006710 0.999978 -0.000067 -0.243377 -0.000010 0.000067 1.000000 -0.898111
0.999979 -0.006441 0.000010 90.485238 0.006441 0.999980 -0.000064 -0.249101 -0.000010 0.000064 1.000000 -0.904487
0.999983 -0.005787 0.000009 91.285877 0.005787 0.999983 -0.000058 -0.257744 -0.000009 0.000058 1.000000 -0.912479
0.999985 -0.005402 0.000009 92.256705 0.005402 0.999986 -0.000054 -0.267205 -0.000008 0.000054 1.000000 -0.922173
0.999988 -0.004861 0.000008 92.906808 0.004861 0.999988 -0.000049 -0.274769 -0.000008 0.000049 1.000000 -0.928662
0.999990 -0.004590 0.000007 93.563643 0.004590 0.999990 -0.000046 -0.281762 -0.000007 0.000046 1.000000 -0.935220
0.999992 -0.003965 0.000006 94.718894 0.003965 0.999992 -0.000040 -0.295015 -0.000006 0.000040 1.000000 -0.946751
0.999993 -0.003861 0.000006 95.382414 0.003861 0.999993 -0.000039 -0.301979 -0.000006 0.000039 1.000000 -0.953376
0.999993 -0.003623 0.000006 96.186003 0.003623 0.999994 -0.000036 -0.311102 -0.000006 0.000036 1.000000 -0.961397
0.999995 -0.003121 0.000005 97.174220 0.003121 0.999995 -0.000031 -0.323259 -0.000005 0.000031 1.000000 -0.971261
0.999996 -0.002751 0.000004 97.681708 0.002751 0.999996 -0.000028 -0.330062 -0.000004 0.000028 1.000000 -0.976325
0.999997 -0.002402 0.000004 98.648538 0.002402 0.999997 -0.000024 -0.342091 -0.000004 0.000024 1.000000 -0.985974
0.999998 -0.001762 0.000003 99.633157 0.001762 0.999999 -0.000018 -0.355637 -0.000003 0.000018 1.000000 -0.995799
0.999999 -0.001289 0.000002 100.272887 0.001289 0.999999 -0.000013 -0.365166 -0.000002 0.000013 1.000000 -1.002182
0.999999 -0.001609 0.000003 101.059266 0.001609 0.999999 -0.000016 -0.373627 -0.000003 0.000016 1.000000 -1.010032
1.000000 -0.000845 0.000001 102.019058 0.000845 1.000000 -0.000008 -0.388351 -0.000001 0.000008 1.000000 -1.019607
1.000000 -0.000532 0.000001 102.545943 0.000532 1.000000 -0.000005 -0.396396 -0.000001 0.000005 1.000000 -1.024863
1.000000 -0.000180 0.000000 103.294286 0.000180 1.000000 -0.000002 -0.407791 -0.000000 0.000002 1.000000 -1.032329
1.000000 0.000224 -0.000000 104.439365 -0.000225 1.000000 0.000002 -0.425259 0.000000 -0.000002 1.000000 -1.043752
1.000000 0.000655 -0.000001 105.051609 -0.000655 1.000000 0.000007 -0.435522 0.000001 -0.000007 1.000000 -1.049858
1.000000 0.000227 -0.000000 105.834613 -0.000227 1.000000 0.000002 -0.445268 0.000000 -0.000002 1.000000 -1.057673
1.000000 -0.000518 0.000001 106.791300 0.000518 1.000000 -0.000005 -0.456029 -0.000001 0.000005 1.000000 -1.067223
0.999997 -0.002416 0.000004 107.419322 0.002416 0.999997 -0.000024 -0.457592 -0.000004 0.000024 1.000000 -1.073501
0.999990 -0.004538 0.000007 108.219583 0.004538 0.999990 -0.000045 -0.458905 -0.000007 0.000045 1.000000 -1.081502
0.999982 -0.006053 0.000010 109.148389 0.006053 0.999982 -0.000061 -0.462011 -0.000009 0.000061 1.000000 -1.090785
0.999968 -0.007964 0.000013 109.773338 0.007964 0.999968 -0.000080 -0.459782 -0.000012 0.000080 1.000000 -1.097039
0.999959 -0.009054 0.000015 110.541269 0.009054 0.999959 -0.000090 -0.460440 -0.000014 0.000091 1.000000 -1.104717
0.999953 -0.009683 0.000016 111.469906 0.009683 0.999953 -0.000097 -0.462388 -0.000015 0.000097 1.000000 -1.114001
0.999949 -0.010137 0.000017 112.087599 0.010137 0.999949 -0.000101 -0.463373 -0.000016 0.000101 1.000000 -1.120176
0.999951 -0.009886 0.000016 112.698271 0.009886 0.999951 -0.000099 -0.466510 -0.000015 0.000099 1.000000 -1.126278
0.999966 -0.008256 0.000013 113.798295 0.008256 0.999966 -0.000083 -0.477205 -0.000013 0.000083 1.000000 -1.137262
0.999964 -0.008498 0.000014 114.409725 0.008498 0.999964 -0.000085 -0.479622 -0.000013 0.000085 1.000000 -1.143372
0.999967 -0.008152 0.000013 115.158586 0.008152 0.999967 -0.000081 -0.484914 -0.000013 0.000082 1.000000 -1.150853
0.999967 -0.008120 0.000013 116.078060 0.008120 0.999967 -0.000081 -0.490282 -0.000013 0.000081 1.000000 -1.160039
0.999969 -0.007832 0.000013 116.580923 0.007832 0.999969 -0.000078 -0.494253 -0.000012 0.000078 1.000000 -1.165062
0.999973 -0.007374 0.000012 117.448862 0.007374 0.999973 -0.000074 -0.501124 -0.000011 0.000074 1.000000 -1.173731
0.999978 -0.006617 0.000011 118.363247 0.006617 0.999978 -0.000066 -0.509888 -0.000010 0.000066 1.000000 -1.182861
0.999977 -0.006780 0.000011 118.970281 0.006780 0.999977 -0.000068 -0.513598 -0.000011 0.000068 1.000000 -1.188926
0.999977 -0.006795 0.000011 119.714315 0.006795 0.999977 -0.000068 -0.518900 -0.000011 0.000068 1.000000 -1.196358
0.999981 -0.006187 0.000010 120.620178 0.006187 0.999981 -0.000062 -0.527695 -0.000010 0.000062 1.000000 -1.205403
0.999985 -0.005482 0.000009 121.102130 0.005482 0.999985 -0.000055 -0.533898 -0.000009 0.000055 1.000000 -1.210212
0.999983 -0.005829 0.000009 121.987050 0.005829 0.999983 -0.000058 -0.539805 -0.000009 0.000058 1.000000 -1.219052
0.999984 -0.005656 0.000009 122.892855 0.005656 0.999984 -0.000057 -0.547848 -0.000009 0.000057 1.000000 -1.228098
0.999984 -0.005659 0.000009 123.493394 0.005659 0.999984 -0.000057 -0.552861 -0.000009 0.000057 1.000000 -1.234096
0.999988 -0.004923 0.000008 124.236479 0.004923 0.999988 -0.000049 -0.561892 -0.000008 0.000049 1.000000 -1.241512
0.999986 -0.005249 0.000008 125.144529 0.005249 0.999986 -0.000052 -0.568975 -0.000008 0.000053 1.000000 -1.250582
0.999981 -0.006118 0.000010 125.743540 0.006118 0.999981 -0.000061 -0.571037 -0.000010 0.000061 1.000000 -1.256569
0.999977 -0.006773 0.000011 126.494792 0.006773 0.999977 -0.000068 -0.574428 -0.000011 0.000068 1.000000 -1.264076
0.999982 -0.006021 0.000010 127.403922 0.006021 0.999982 -0.000060 -0.583582 -0.000009 0.000060 1.000000 -1.273153
0.999966 -0.008204 0.000013 127.850033 0.008204 0.999966 -0.000082 -0.579104 -0.000013 0.000082 1.000000 -1.277622
0.999971 -0.007586 0.000012 128.754298 0.007586 0.999971 -0.000076 -0.586617 -0.000012 0.000076 1.000000 -1.286653
0.999970 -0.007690 0.000013 129.653633 0.007690 0.999970 -0.000077 -0.592027 -0.000012 0.000077 1.000000 -1.295638
0.999965 -0.008410 0.000014 130.253639 0.008410 0.999965 -0.000084 -0.593166 -0.000013 0.000084 1.000000 -1.301636
0.999959 -0.009044 0.000015 131.020797 0.009044 0.999959 -0.000090 -0.595117 -0.000014 0.000091 1.000000 -1.309305
0.999951 -0.009903 0.000016 131.933165 0.009903 0.999951 -0.000099 -0.596405 -0.000015 0.000099 1.000000 -1.318427
0.999950 -0.010023 0.000016 132.369287 0.010023 0.999950 -0.000100 -0.597804 -0.000015 0.000100 1.000000 -1.322786
0.999938 -0.011108 0.000018 133.277175 0.011108 0.999938 -0.000111 -0.597421 -0.000017 0.000111 1.000000 -1.331866
0.999923 -0.012443 0.000021 134.183896 0.012443 0.999923 -0.000124 -0.595015 -0.000019 0.000125 1.000000 -1.340937
0.999900 -0.014162 0.000024 134.685121 0.014162 0.999900 -0.000141 -0.589759 -0.000022 0.000142 1.000000 -1.345958
0.999857 -0.016907 0.000028 135.398107 0.016907 0.999857 -0.000169 -0.579629 -0.000025 0.000169 1.000000 -1.353104
0.999765 -0.021664 0.000037 136.464276 0.021664 0.999765 -0.000216 -0.558367 -0.000032 0.000217 1.000000 -1.363800
0.999706 -0.024263 0.000042 137.064446 0.024263 0.999706 -0.000242 -0.544598 -0.000036 0.000243 1.000000 -1.369824
0.999650 -0.026455 0.000046 137.654699 0.026455 0.999650 -0.000264 -0.530843 -0.000039 0.000265 1.000000 -1.375749
0.999491 -0.031914 0.000056 138.699823 0.031914 0.999491 -0.000318 -0.497011 -0.000046 0.000320 1.000000 -1.386254
0.999386 -0.035036 0.000062 139.164424 0.035036 0.999386 -0.000349 -0.477606 -0.000050 0.000351 1.000000 -1.390931
0.999242 -0.038936 0.000070 139.900466 0.038936 0.999242 -0.000388 -0.447511 -0.000054 0.000391 1.000000 -1.398340
0.999022 -0.044209 0.000080 140.981098 0.044209 0.999022 -0.000441 -0.400365 -0.000061 0.000444 1.000000 -1.409222
0.998882 -0.047281 0.000086 141.588874 0.047281 0.998881 -0.000471 -0.370992 -0.000064 0.000475 1.000000 -1.415346
0.998702 -0.050928 0.000094 142.337836 0.050928 0.998702 -0.000507 -0.332879 -0.000068 0.000511 1.000000 -1.422897
0.998441 -0.055826 0.000105 143.261047 0.055826 0.998440 -0.000556 -0.280273 -0.000073 0.000561 1.000000 -1.432213
0.998312 -0.058082 0.000109 143.763822 0.058082 0.998311 -0.000578 -0.251210 -0.000076 0.000584 1.000000 -1.437287
0.998066 -0.062157 0.000118 144.660637 0.062157 0.998066 -0.000619 -0.196338 -0.000080 0.000625 1.000000 -1.446343
0.997936 -0.064216 0.000123 145.581253 0.064216 0.997936 -0.000639 -0.144035 -0.000082 0.000645 1.000000 -1.455633
0.997827 -0.065892 0.000127 146.043065 0.065892 0.997826 -0.000655 -0.114999 -0.000083 0.000662 1.000000 -1.460297
0.997647 -0.068558 0.000133 146.967941 0.068558 0.997647 -0.000682 -0.057019 -0.000086 0.000689 1.000000 -1.469639
0.997543 -0.070052 0.000136 147.897917 0.070052 0.997543 -0.000697 -0.000417 -0.000087 0.000704 1.000000 -1.479029
0.997532 -0.070212 0.000137 148.424064 0.070212 0.997532 -0.000698 0.029705 -0.000087 0.000706 1.000000 -1.484339
0.997550 -0.069958 0.000136 149.298748 0.069958 0.997549 -0.000696 0.077905 -0.000087 0.000704 1.000000 -1.493163
0.997666 -0.068288 0.000132 150.077795 0.068288 0.997665 -0.000679 0.115173 -0.000085 0.000687 1.000000 -1.501013
0.997766 -0.066801 0.000129 150.866152 0.066801 0.997766 -0.000664 0.152485 -0.000084 0.000672 1.000000 -1.508956
0.997872 -0.065205 0.000125 151.636568 0.065205 0.997871 -0.000649 0.187229 -0.000083 0.000655 1.000000 -1.516716
0.998010 -0.063053 0.000120 152.576973 0.063053 0.998010 -0.000627 0.227217 -0.000081 0.000634 1.000000 -1.526184
0.998102 -0.061578 0.000117 153.156035 0.061578 0.998102 -0.000613 0.250401 -0.000079 0.000619 1.000000 -1.532012
0.998196 -0.060039 0.000114 154.011724 0.060039 0.998196 -0.000598 0.285514 -0.000078 0.000603 1.000000 -1.540625
0.998284 -0.058559 0.000110 154.950706 0.058559 0.998284 -0.000583 0.323076 -0.000076 0.000588 1.000000 -1.550075
0.998343 -0.057539 0.000108 155.584117 0.057539 0.998343 -0.000573 0.347613 -0.000075 0.000578 1.000000 -1.556448
0.998403 -0.056498 0.000106 156.360332 0.056498 0.998402 -0.000562 0.377715 -0.000074 0.000568 1.000000 -1.564258
0.998421 -0.056176 0.000105 157.314246 0.056176 0.998421 -0.000559 0.417392 -0.000074 0.000564 1.000000 -1.573861
0.998417 -0.056243 0.000105 157.945369 0.056243 0.998417 -0.000560 0.444277 -0.000074 0.000565 1.000000 -1.580215
0.998434 -0.055945 0.000105 158.753769 0.055945 0.998434 -0.000557 0.477391 -0.000073 0.000562 1.000000 -1.588352
0.998440 -0.055831 0.000105 159.708341 0.055831 0.998440 -0.000556 0.516984 -0.000073 0.000561 1.000000 -1.597961
0.998426 -0.056074 0.000105 160.349966 0.056074 0.998426 -0.000558 0.544675 -0.000074 0.000563 1.000000 -1.604422
0.998453 -0.055604 0.000104 161.048354 0.055604 0.998453 -0.000554 0.572346 -0.000073 0.000559 1.000000 -1.611450
0.998461 -0.055454 0.000104 162.103845 0.055454 0.998461 -0.000552 0.615901 -0.000073 0.000557 1.000000 -1.622075
0.998464 -0.055411 0.000104 162.638535 0.055411 0.998463 -0.000552 0.637929 -0.000073 0.000557 1.000000 -1.627457
0.998485 -0.055026 0.000103 163.398700 0.055026 0.998485 -0.000548 0.668073 -0.000072 0.000553 1.000000 -1.635107
0.998505 -0.054667 0.000102 164.538717 0.054667 0.998504 -0.000544 0.713487 -0.000072 0.000549 1.000000 -1.646580
0.998506 -0.054646 0.000102 165.188975 0.054646 0.998506 -0.000544 0.740012 -0.000072 0.000549 1.000000 -1.653125
0.998493 -0.054879 0.000102 165.986036 0.054879 0.998493 -0.000546 0.773465 -0.000072 0.000551 1.000000 -1.661149
0.998505 -0.054666 0.000102 166.961653 0.054666 0.998504 -0.000544 0.812568 -0.000072 0.000549 1.000000 -1.670968
0.998518 -0.054422 0.000101 167.612439 0.054422 0.998518 -0.000542 0.838183 -0.000072 0.000547 1.000000 -1.677517
0.998539 -0.054044 0.000101 168.434424 0.054044 0.998538 -0.000538 0.870011 -0.000071 0.000543 1.000000 -1.685788
0.998616 -0.052594 0.000098 169.416304 0.052594 0.998616 -0.000524 0.903807 -0.000070 0.000528 1.000000 -1.695660
0.998663 -0.051701 0.000096 170.070039 0.051701 0.998662 -0.000515 0.925787 -0.000069 0.000519 1.000000 -1.702233
0.998734 -0.050300 0.000093 170.875915 0.050300 0.998734 -0.000501 0.951015 -0.000067 0.000505 1.000000 -1.710332
0.998800 -0.048967 0.000090 171.859016 0.048967 0.998800 -0.000488 0.981640 -0.000066 0.000492 1.000000 -1.720212
0.998834 -0.048277 0.000089 172.380094 0.048277 0.998834 -0.000481 0.997430 -0.000065 0.000485 1.000000 -1.725448
0.998898 -0.046929 0.000086 173.364847 0.046929 0.998898 -0.000468 1.026226 -0.000064 0.000471 1.000000 -1.735342
0.998973 -0.045315 0.000082 174.354492 0.045315 0.998973 -0.000452 1.052684 -0.000062 0.000455 1.000000 -1.745281
0.998999 -0.044734 0.000081 174.841986 0.044734 0.998999 -0.000446 1.065981 -0.000061 0.000449 1.000000 -1.750177
0.999053 -0.043510 0.000079 175.836177 0.043510 0.999053 -0.000434 1.091867 -0.000060 0.000437 1.000000 -1.760161
0.999116 -0.042034 0.000076 176.834581 0.042034 0.999116 -0.000419 1.115755 -0.000058 0.000422 1.000000 -1.770183
0.999148 -0.041266 0.000074 177.431390 0.041266 0.999148 -0.000411 1.129708 -0.000057 0.000414 1.000000 -1.776174
0.999206 -0.039841 0.000071 178.344496 0.039841 0.999206 -0.000397 1.149304 -0.000056 0.000400 1.000000 -1.785336
0.999269 -0.038238 0.000068 179.340927 0.038238 0.999269 -0.000381 1.168996 -0.000054 0.000384 1.000000 -1.795332
0.999281 -0.037914 0.000068 179.826047 0.037914 0.999281 -0.000378 1.179751 -0.000053 0.000380 1.000000 -1.800201
0.999317 -0.036955 0.000066 180.818218 0.036955 0.999317 -0.000368 1.199887 -0.000052 0.000371 1.000000 -1.810155
0.999351 -0.036024 0.000064 181.810127 0.036024 0.999351 -0.000359 1.219094 -0.000051 0.000361 1.000000 -1.820105
0.999370 -0.035478 0.000063 182.466308 0.035478 0.999370 -0.000354 1.231657 -0.000050 0.000356 1.000000 -1.826687
0.999403 -0.034561 0.000061 183.299461 0.034561 0.999402 -0.000345 1.246179 -0.000049 0.000347 1.000000 -1.835042
0.999437 -0.033562 0.000059 184.274903 0.033562 0.999437 -0.000335 1.262631 -0.000048 0.000337 1.000000 -1.844823
0.999460 -0.032870 0.000058 184.923960 0.032870 0.999460 -0.000328 1.272956 -0.000047 0.000330 1.000000 -1.851330
0.999466 -0.032675 0.000057 185.722494 0.032675 0.999466 -0.000326 1.287510 -0.000047 0.000328 1.000000 -1.859339
0.999494 -0.031788 0.000056 186.693781 0.031788 0.999494 -0.000317 1.302360 -0.000046 0.000319 1.000000 -1.869076
0.999525 -0.030823 0.000054 187.258693 0.030823 0.999525 -0.000307 1.309018 -0.000044 0.000309 1.000000 -1.874736
0.999530 -0.030641 0.000053 188.161281 0.030641 0.999530 -0.000306 1.323923 -0.000044 0.000307 1.000000 -1.883786
0.999557 -0.029760 0.000052 189.128439 0.029760 0.999557 -0.000297 1.336763 -0.000043 0.000298 1.000000 -1.893478
0.999559 -0.029694 0.000052 189.772012 0.029694 0.999559 -0.000296 1.346859 -0.000043 0.000298 1.000000 -1.899930
0.999530 -0.030646 0.000054 190.555667 0.030646 0.999530 -0.000306 1.362876 -0.000044 0.000307 1.000000 -1.907793
0.999484 -0.032122 0.000056 191.508079 0.032122 0.999484 -0.000320 1.384317 -0.000046 0.000322 1.000000 -1.917351
0.999450 -0.033144 0.000058 192.143840 0.033144 0.999450 -0.000331 1.399640 -0.000047 0.000332 1.000000 -1.923733
0.999396 -0.034741 0.000061 192.953094 0.034741 0.999396 -0.000346 1.421109 -0.000049 0.000348 1.000000 -1.931860
0.999342 -0.036262 0.000064 193.899685 0.036262 0.999342 -0.000362 1.446438 -0.000051 0.000364 1.000000 -1.941367
0.999317 -0.036938 0.000066 194.528777 0.036938 0.999317 -0.000368 1.462926 -0.000052 0.000370 1.000000 -1.947684
0.999272 -0.038153 0.000068 195.298669 0.038153 0.999272 -0.000380 1.485172 -0.000053 0.000383 1.000000 -1.955419
0.999218 -0.039542 0.000071 196.237147 0.039542 0.999218 -0.000394 1.513178 -0.000055 0.000397 1.000000 -1.964849
0.999190 -0.040228 0.000072 196.861920 0.040228 0.999190 -0.000401 1.531665 -0.000056 0.000404 1.000000 -1.971126
0.999179 -0.040511 0.000073 197.505230 0.040511 0.999179 -0.000404 1.549646 -0.000056 0.000406 1.000000 -1.977588
0.999107 -0.042236 0.000076 198.588590 0.042236 0.999107 -0.000421 1.585406 -0.000058 0.000424 1.000000 -1.988479
0.999072 -0.043069 0.000078 199.208021 0.043069 0.999072 -0.000429 1.606011 -0.000059 0.000432 1.000000 -1.994706
0.999014 -0.044389 0.000081 199.963791 0.044389 0.999014 -0.000442 1.632921 -0.000061 0.000445 1.000000 -2.002307
0.998950 -0.045803 0.000083 200.886265 0.045803 0.998950 -0.000456 1.666273 -0.000062 0.000460 1.000000 -2.011585
0.998909 -0.046688 0.000085 201.500338 0.046688 0.998909 -0.000465 1.689025 -0.000063 0.000469 1.000000 -2.017762
0.998862 -0.047696 0.000087 202.280163 0.047696 0.998862 -0.000475 1.718307 -0.000065 0.000479 1.000000 -2.025608
0.998778 -0.049410 0.000091 203.191967 0.049410 0.998778 -0.000492 1.755544 -0.000066 0.000496 1.000000 -2.034785
0.998750 -0.049984 0.000092 203.794814 0.049984 0.998750 -0.000498 1.778886 -0.000067 0.000502 1.000000 -2.040851
0.998725 -0.050472 0.000093 204.430954 0.050472 0.998725 -0.000503 1.803476 -0.000068 0.000507 1.000000 -2.047252
0.998731 -0.050362 0.000093 205.440333 0.050362 0.998731 -0.000502 1.839740 -0.000068 0.000506 1.000000 -2.057404
0.998732 -0.050337 0.000093 206.040162 0.050337 0.998732 -0.000501 1.861460 -0.000067 0.000505 1.000000 -2.063437
0.998727 -0.050436 0.000093 206.642504 0.050436 0.998727 -0.000502 1.883642 -0.000068 0.000506 1.000000 -2.069496
0.998758 -0.049817 0.000092 207.699858 0.049817 0.998758 -0.000496 1.919814 -0.000067 0.000500 1.000000 -2.080127
0.998771 -0.049554 0.000091 208.130895 0.049554 0.998771 -0.000494 1.934311 -0.000067 0.000498 1.000000 -2.084461
0.998785 -0.049268 0.000091 209.018272 0.049268 0.998785 -0.000491 1.964787 -0.000066 0.000495 1.000000 -2.093384
0.998808 -0.048795 0.000090 209.904776 0.048795 0.998809 -0.000486 1.994245 -0.000066 0.000490 1.000000 -2.102296
0.998817 -0.048629 0.000089 210.492252 0.048629 0.998817 -0.000484 2.014099 -0.000066 0.000488 1.000000 -2.108202
0.998832 -0.048317 0.000089 211.076240 0.048316 0.998832 -0.000481 2.033204 -0.000065 0.000485 1.000000 -2.114073
0.998858 -0.047759 0.000087 212.112433 0.047759 0.998859 -0.000476 2.066599 -0.000065 0.000479 1.000000 -2.124488
0.998892 -0.047055 0.000086 212.692751 0.047055 0.998892 -0.000469 2.083645 -0.000064 0.000472 1.000000 -2.130319
0.998878 -0.047343 0.000087 213.350127 0.047343 0.998878 -0.000472 2.106553 -0.000064 0.000475 1.000000 -2.136929
0.998898 -0.046927 0.000086 214.274289 0.046927 0.998898 -0.000468 2.135773 -0.000064 0.000471 1.000000 -2.146218
0.998896 -0.046978 0.000086 214.845587 0.046978 0.998896 -0.000468 2.154741 -0.000064 0.000472 1.000000 -2.151961
0.998911 -0.046641 0.000085 215.578836 0.046641 0.998912 -0.000465 2.177752 -0.000063 0.000468 1.000000 -2.159331
0.998934 -0.046154 0.000084 216.433304 0.046154 0.998934 -0.000460 2.204040 -0.000063 0.000463 1.000000 -2.167918
0.998933 -0.046181 0.000084 216.848361 0.046181 0.998933 -0.000460 2.217518 -0.000063 0.000464 1.000000 -2.172090
0.998925 -0.046342 0.000085 217.698761 0.046342 0.998925 -0.000462 2.245475 -0.000063 0.000465 1.000000 -2.180639
0.998929 -0.046256 0.000084 218.547099 0.046256 0.998929 -0.000461 2.272596 -0.000063 0.000464 1.000000 -2.189165
0.998929 -0.046265 0.000084 219.110497 0.046265 0.998929 -0.000461 2.290768 -0.000063 0.000464 1.000000 -2.194829
0.998928 -0.046289 0.000084 219.826254 0.046289 0.998928 -0.000461 2.313928 -0.000063 0.000465 1.000000 -2.202023
0.998905 -0.046776 0.000085 220.664573 0.046776 0.998905 -0.000466 2.342786 -0.000064 0.000470 1.000000 -2.210453
0.998936 -0.046113 0.000084 221.215753 0.046113 0.998936 -0.000459 2.358416 -0.000063 0.000463 1.000000 -2.215990
0.998934 -0.046163 0.000084 221.896491 0.046163 0.998934 -0.000460 2.380531 -0.000063 0.000463 1.000000 -2.222832
0.998934 -0.046152 0.000084 222.717246 0.046152 0.998934 -0.000460 2.406918 -0.000063 0.000463 1.000000 -2.231082
0.998940 -0.046023 0.000084 223.269500 0.046023 0.998940 -0.000459 2.424222 -0.000063 0.000462 1.000000 -2.236633
0.998937 -0.046081 0.000084 223.965860 0.046081 0.998938 -0.000459 2.446721 -0.000063 0.000463 1.000000 -2.243632
0.998960 -0.045598 0.000083 224.781868 0.045598 0.998960 -0.000454 2.471033 -0.000062 0.000458 1.000000 -2.251831
0.998959 -0.045610 0.000083 225.322009 0.045610 0.998959 -0.000454 2.488148 -0.000062 0.000458 1.000000 -2.257260
0.998956 -0.045682 0.000083 225.981105 0.045682 0.998956 -0.000455 2.509198 -0.000062 0.000458 1.000000 -2.263885
0.998976 -0.045244 0.000082 226.781922 0.045244 0.998976 -0.000451 2.532967 -0.000062 0.000454 1.000000 -2.271931
0.998986 -0.045017 0.000082 227.226649 0.045017 0.998986 -0.000449 2.546091 -0.000062 0.000452 1.000000 -2.276399
0.998992 -0.044877 0.000082 227.867265 0.044877 0.998992 -0.000447 2.565529 -0.000061 0.000450 1.000000 -2.282837
0.999007 -0.044550 0.000081 228.830408 0.044550 0.999007 -0.000444 2.594132 -0.000061 0.000447 1.000000 -2.292514
0.999003 -0.044644 0.000081 229.365698 0.044644 0.999003 -0.000445 2.610893 -0.000061 0.000448 1.000000 -2.297894
0.999013 -0.044415 0.000081 229.898240 0.044415 0.999013 -0.000443 2.626433 -0.000061 0.000446 1.000000 -2.303244
0.999025 -0.044134 0.000080 230.780347 0.044134 0.999025 -0.000440 2.652274 -0.000061 0.000443 1.000000 -2.312107
0.999032 -0.043989 0.000080 231.203974 0.043989 0.999032 -0.000438 2.664545 -0.000060 0.000441 1.000000 -2.316363
0.999035 -0.043912 0.000080 231.832067 0.043912 0.999035 -0.000438 2.683187 -0.000060 0.000441 1.000000 -2.322674
0.999068 -0.043150 0.000078 232.781853 0.043150 0.999068 -0.000430 2.708876 -0.000059 0.000433 1.000000 -2.332213
0.999044 -0.043715 0.000079 233.135704 0.043715 0.999044 -0.000436 2.721263 -0.000060 0.000439 1.000000 -2.335771
0.999052 -0.043525 0.000079 233.823437 0.043525 0.999052 -0.000434 2.740980 -0.000060 0.000437 1.000000 -2.342680
0.999066 -0.043198 0.000078 234.682829 0.043198 0.999066 -0.000431 2.765080 -0.000059 0.000433 1.000000 -2.351313
0.999073 -0.043048 0.000078 235.109019 0.043048 0.999073 -0.000429 2.777007 -0.000059 0.000432 1.000000 -2.355594
0.999079 -0.042897 0.000078 235.705807 0.042897 0.999079 -0.000428 2.793784 -0.000059 0.000430 1.000000 -2.361588
0.999092 -0.042608 0.000077 236.627219 0.042608 0.999092 -0.000425 2.819336 -0.000059 0.000428 1.000000 -2.370844
0.999065 -0.043240 0.000078 237.138403 0.043240 0.999065 -0.000431 2.836227 -0.000060 0.000434 1.000000 -2.375983
0.999091 -0.042623 0.000077 237.733316 0.042623 0.999091 -0.000425 2.851250 -0.000059 0.000428 1.000000 -2.381956
0.999101 -0.042388 0.000076 238.485479 0.042388 0.999101 -0.000422 2.871905 -0.000059 0.000425 1.000000 -2.389511
0.999108 -0.042232 0.000076 238.890729 0.042232 0.999108 -0.000421 2.882875 -0.000058 0.000424 1.000000 -2.393581
0.999104 -0.042312 0.000076 239.490860 0.042312 0.999104 -0.000422 2.900128 -0.000058 0.000425 1.000000 -2.399610
0.999097 -0.042472 0.000077 240.388600 0.042472 0.999098 -0.000423 2.926178 -0.000059 0.000426 1.000000 -2.408629
0.999061 -0.043333 0.000078 240.730952 0.043333 0.999061 -0.000432 2.939020 -0.000060 0.000435 1.000000 -2.412073
0.999040 -0.043814 0.000079 241.390060 0.043814 0.999040 -0.000437 2.960105 -0.000060 0.000440 1.000000 -2.418698
0.999012 -0.044429 0.000081 242.207750 0.044429 0.999012 -0.000443 2.986774 -0.000061 0.000446 1.000000 -2.426918
0.998981 -0.045136 0.000082 242.625225 0.045136 0.998981 -0.000450 3.001967 -0.000062 0.000453 1.000000 -2.431117
0.998944 -0.045939 0.000084 243.338371 0.045939 0.998944 -0.000458 3.027094 -0.000063 0.000461 1.000000 -2.438288
0.998840 -0.048149 0.000088 244.050717 0.048149 0.998840 -0.000480 3.058204 -0.000065 0.000483 1.000000 -2.445462
0.998760 -0.049784 0.000092 244.371572 0.049784 0.998760 -0.000496 3.074970 -0.000067 0.000500 1.000000 -2.448697
0.998606 -0.052771 0.000098 245.056384 0.052771 0.998607 -0.000526 3.110572 -0.000070 0.000530 1.000000 -2.455602
0.998410 -0.056374 0.000106 245.726462 0.056374 0.998410 -0.000561 3.149966 -0.000074 0.000566 1.000000 -2.462366
0.998286 -0.058529 0.000110 246.125690 0.058529 0.998286 -0.000583 3.174629 -0.000076 0.000588 1.000000 -2.466397
