1.000000 0.000000 0.000000 0.000000 0.000000 1.000000 0.000000 0.000000 0.000000 0.000000 1.000000 0.000000
0.999999 -0.000721 -0.001325 0.014767 0.000720 1.000000 -0.000263 -0.023484 0.001325 0.000262 0.999999 -0.002400
0.999990 -0.002482 -0.003584 0.030628 0.002478 0.999996 -0.001120 -0.043956 0.003587 0.001112 0.999993 -0.002767
0.999974 -0.005071 -0.005119 0.047609 0.005063 0.999986 -0.001628 -0.065203 0.005127 0.001602 0.999986 -0.006017
0.999913 -0.011220 -0.006891 0.066979 0.011208 0.999936 -0.001822 -0.087549 0.006911 0.001745 0.999975 -0.014186
0.999729 -0.021522 -0.008917 0.100222 0.021503 0.999766 -0.002268 -0.092124 0.008964 0.002076 0.999958 -0.029419
0.999463 -0.030735 -0.011381 0.137016 0.030711 0.999526 -0.002218 -0.089813 0.011443 0.001868 0.999933 -0.037243
0.999408 -0.031695 -0.013403 0.156011 0.031665 0.999496 -0.002419 -0.114951 0.013473 0.001993 0.999907 -0.041028
0.999152 -0.038506 -0.014605 0.177379 0.038472 0.999256 -0.002593 -0.125290 0.014694 0.002029 0.999890 -0.043380
0.998647 -0.049180 -0.016876 0.213174 0.049146 0.998789 -0.002419 -0.122250 0.016974 0.001586 0.999855 -0.054883
0.998413 -0.053303 -0.018182 0.231825 0.053263 0.998577 -0.002648 -0.139841 0.018297 0.001675 0.999831 -0.058257
0.997586 -0.066508 -0.019968 0.278646 0.066485 0.997786 -0.001792 -0.127093 0.020043 0.000460 0.999799 -0.077651
0.996891 -0.075467 -0.022637 0.303729 0.075456 0.997148 -0.001332 -0.136123 0.022673 -0.000380 0.999743 -0.091245
0.996251 -0.083134 -0.023919 0.328241 0.083127 0.996538 -0.001268 -0.142082 0.023942 -0.000725 0.999713 -0.092858
0.995615 -0.090206 -0.024779 0.352431 0.090202 0.995923 -0.001273 -0.151927 0.024793 -0.000967 0.999692 -0.095042
0.994317 -0.103083 -0.026591 0.399082 0.103109 0.994670 -0.000423 -0.138748 0.026493 -0.002321 0.999646 -0.108916
0.993028 -0.114206 -0.029204 0.431072 0.114223 0.993455 -0.001093 -0.136372 0.029138 -0.002251 0.999573 -0.129181
0.991652 -0.125217 -0.030768 0.468644 0.125263 0.992123 -0.000431 -0.127558 0.030580 -0.003427 0.999527 -0.135358
0.990651 -0.132434 -0.032743 0.489932 0.132493 0.991184 -0.000391 -0.140717 0.032506 -0.003950 0.999464 -0.146523
0.989028 -0.143733 -0.034138 0.526874 0.143804 0.989606 -0.000367 -0.128027 0.033836 -0.004546 0.999417 -0.150755
0.986749 -0.158324 -0.035485 0.581931 0.158403 0.987374 -0.000569 -0.109127 0.035127 -0.005059 0.999370 -0.163667
0.985164 -0.167707 -0.036419 0.605207 0.167782 0.985824 -0.000986 -0.109607 0.036068 -0.005139 0.999336 -0.162376
0.982967 -0.179696 -0.038533 0.649880 0.179812 0.983701 -0.000454 -0.093491 0.037987 -0.006482 0.999257 -0.171419
0.978719 -0.201213 -0.040267 0.733078 0.201392 0.979511 0.000398 -0.044129 0.039362 -0.008499 0.999189 -0.207293
0.975274 -0.216929 -0.042221 0.781049 0.217144 0.976139 0.000519 -0.018388 0.041101 -0.009675 0.999108 -0.224794
0.972194 -0.230165 -0.043167 0.829054 0.230424 0.973090 0.001038 0.003345 0.041767 -0.010956 0.999067 -0.235115
0.968623 -0.244770 -0.043098 0.886284 0.245048 0.969510 0.001201 0.032864 0.041490 -0.011724 0.999070 -0.249599
0.965018 -0.258172 -0.045691 0.927114 0.258540 0.965998 0.002231 0.055246 0.043562 -0.013966 0.998953 -0.266910
0.962393 -0.267538 -0.047147 0.956266 0.267925 0.963438 0.001978 0.060326 0.044895 -0.014535 0.998886 -0.271951
0.958805 -0.279906 -0.048429 0.996583 0.280310 0.959908 0.001623 0.080489 0.046033 -0.015131 0.998825 -0.277950
0.954240 -0.294772 -0.050351 1.045199 0.295217 0.955429 0.001484 0.112751 0.047669 -0.016280 0.998730 -0.293964
0.950086 -0.307660 -0.051783 1.097268 0.308116 0.951348 0.000876 0.143757 0.048994 -0.016788 0.998658 -0.307103
0.944620 -0.323573 -0.054718 1.143565 0.324160 0.946000 0.001985 0.180261 0.051122 -0.019612 0.998500 -0.328817
0.938572 -0.340793 -0.054255 1.206624 0.341383 0.939923 0.001724 0.228629 0.050408 -0.020140 0.998526 -0.351168
0.932608 -0.356323 -0.057236 1.246823 0.357005 0.934101 0.001813 0.266139 0.052819 -0.022125 0.998359 -0.368341
0.925317 -0.374527 -0.059305 1.305610 0.375269 0.926915 0.001483 0.318044 0.054415 -0.023628 0.998239 -0.398235
0.919344 -0.388660 -0.061239 1.343713 0.389452 0.921046 0.001096 0.350489 0.055978 -0.024857 0.998122 -0.416369
0.914687 -0.399037 -0.064169 1.377361 0.399907 0.916556 0.000785 0.368576 0.058501 -0.026380 0.997939 -0.423307
0.909364 -0.410722 -0.066058 1.411764 0.411604 0.911363 -0.000274 0.389509 0.060315 -0.026941 0.997816 -0.431192
0.904901 -0.420129 -0.068163 1.440700 0.421043 0.907040 -0.001047 0.391018 0.062267 -0.027752 0.997673 -0.437130
0.900688 -0.428782 -0.070048 1.468662 0.429737 0.902953 -0.001579 0.388978 0.063927 -0.028680 0.997542 -0.445625
0.892441 -0.445472 -0.071437 1.524675 0.446501 0.894782 -0.001738 0.443686 0.064695 -0.030345 0.997443 -0.466298
0.886918 -0.455880 -0.074496 1.556851 0.457008 0.889460 -0.002129 0.455906 0.067232 -0.032157 0.997219 -0.477666
0.882593 -0.463888 -0.076402 1.584453 0.465050 0.885280 -0.002889 0.455038 0.068977 -0.032981 0.997073 -0.481932
0.876567 -0.474816 -0.078604 1.618383 0.476062 0.879406 -0.003255 0.485023 0.070670 -0.034567 0.996900 -0.490834
0.872923 -0.481243 -0.080061 1.645175 0.482471 0.875901 -0.004507 0.481770 0.072295 -0.034692 0.996780 -0.493375
0.868131 -0.489534 -0.081890 1.673508 0.490791 0.871261 -0.005381 0.481867 0.073982 -0.035520 0.996627 -0.498269
0.862142 -0.499517 -0.084817 1.706682 0.500907 0.865484 -0.005555 0.503366 0.076182 -0.037696 0.996381 -0.502596
0.857797 -0.506659 -0.086488 1.733220 0.508031 0.861311 -0.006972 0.506400 0.078026 -0.037958 0.996228 -0.502438
0.852985 -0.514447 -0.088100 1.758386 0.515843 0.856647 -0.007867 0.507664 0.079518 -0.038735 0.996080 -0.503064
0.844815 -0.527553 -0.089307 1.800284 0.529007 0.848575 -0.008459 0.551286 0.080246 -0.040098 0.995968 -0.516864
0.841206 -0.532948 -0.091320 1.833747 0.534455 0.845148 -0.009117 0.546197 0.082038 -0.041137 0.995780 -0.525469
0.836482 -0.539945 -0.093578 1.861676 0.541532 0.840624 -0.009718 0.554300 0.083911 -0.042546 0.995564 -0.526222
0.832342 -0.546030 -0.095177 1.889208 0.547673 0.836630 -0.010238 0.554613 0.085218 -0.043604 0.995408 -0.528209
0.827178 -0.553594 -0.096489 1.917107 0.555222 0.831622 -0.011539 0.562939 0.086631 -0.044028 0.995267 -0.530415
0.821918 -0.561142 -0.097830 1.942724 0.562735 0.826534 -0.013094 0.570646 0.088207 -0.044290 0.995117 -0.530451
0.811381 -0.575995 -0.099454 1.990224 0.577699 0.816136 -0.013638 0.623795 0.089024 -0.046389 0.994948 -0.546639
0.804959 -0.584541 -0.101750 2.017914 0.586284 0.809967 -0.014977 0.638192 0.091169 -0.047599 0.994697 -0.555261
0.800426 -0.590409 -0.103610 2.047033 0.592148 0.805663 -0.016408 0.634212 0.093162 -0.048219 0.994482 -0.559942
0.797827 -0.593761 -0.104499 2.079201 0.595491 0.803179 -0.017195 0.626842 0.094141 -0.048509 0.994376 -0.567287
0.794762 -0.597660 -0.105619 2.113344 0.599321 0.800289 -0.018770 0.610270 0.095744 -0.048383 0.994229 -0.582253
0.786989 -0.607576 -0.107233 2.142184 0.609337 0.792677 -0.019301 0.626619 0.096728 -0.050152 0.994046 -0.598355
0.779451 -0.616745 -0.109916 2.170118 0.618562 0.785460 -0.020827 0.646678 0.099180 -0.051756 0.993723 -0.607819
0.775889 -0.621047 -0.110886 2.199982 0.622863 0.782031 -0.021689 0.645192 0.100186 -0.052238 0.993596 -0.612977
0.769264 -0.628860 -0.112997 2.226594 0.630737 0.775661 -0.022821 0.652053 0.101999 -0.053716 0.993333 -0.627360
0.764231 -0.634681 -0.114590 2.252940 0.636607 0.770825 -0.023676 0.654254 0.103356 -0.054855 0.993131 -0.627977
0.761257 -0.637983 -0.116040 2.288178 0.639897 0.768060 -0.024842 0.649536 0.104974 -0.055342 0.992934 -0.635743
0.757888 -0.641694 -0.117623 2.324276 0.643524 0.764958 -0.026776 0.639254 0.107158 -0.055400 0.992697 -0.650970
0.750553 -0.650057 -0.118726 2.354449 0.651871 0.757804 -0.028234 0.658930 0.108324 -0.056203 0.992525 -0.658173
0.750178 -0.650289 -0.119824 2.388910 0.652102 0.757583 -0.028834 0.647845 0.109528 -0.056507 0.992376 -0.663908
0.744617 -0.656335 -0.121534 2.413845 0.658085 0.752312 -0.030829 0.648946 0.111666 -0.057024 0.992108 -0.674339
0.740591 -0.660681 -0.122574 2.442852 0.662397 0.748466 -0.032074 0.648476 0.112933 -0.057439 0.991941 -0.673364
0.733187 -0.668401 -0.125212 2.467254 0.670272 0.741389 -0.032827 0.662113 0.114772 -0.059857 0.991587 -0.678906
0.727122 -0.674558 -0.127536 2.491120 0.676500 0.735655 -0.034054 0.669622 0.116794 -0.061517 0.991249 -0.695187
0.716893 -0.685006 -0.129735 2.520915 0.687172 0.725679 -0.034423 0.710090 0.117726 -0.064472 0.990951 -0.716890
0.707375 -0.694492 -0.131534 2.551437 0.696674 0.716470 -0.036282 0.736106 0.119437 -0.065972 0.990647 -0.731661
0.703120 -0.698619 -0.132488 2.579288 0.700839 0.712362 -0.036956 0.738154 0.120197 -0.066868 0.990495 -0.736381
0.695332 -0.705844 -0.135271 2.601786 0.708144 0.705009 -0.038673 0.755655 0.122664 -0.068901 0.990053 -0.737882
0.691865 -0.709043 -0.136313 2.631702 0.711345 0.701726 -0.039605 0.753618 0.123736 -0.069564 0.989874 -0.740110
0.686517 -0.713990 -0.137527 2.660844 0.716346 0.696572 -0.040441 0.757003 0.124672 -0.070753 0.989672 -0.742351
0.681546 -0.718467 -0.138925 2.685964 0.720882 0.691826 -0.041312 0.757785 0.125793 -0.071993 0.989441 -0.741687
0.677702 -0.721936 -0.139742 2.715352 0.724284 0.688177 -0.042731 0.758520 0.127017 -0.072254 0.989265 -0.742081
0.673121 -0.725991 -0.140874 2.746122 0.728270 0.683851 -0.044401 0.759537 0.128572 -0.072707 0.989031 -0.747273
0.659677 -0.737938 -0.142383 2.775630 0.740440 0.670610 -0.045071 0.823389 0.128743 -0.075693 0.988785 -0.767107
0.657495 -0.739738 -0.143137 2.808666 0.742193 0.668599 -0.046110 0.819994 0.129810 -0.075918 0.988628 -0.770103
0.650233 -0.745679 -0.145465 2.835001 0.748228 0.661735 -0.047568 0.836925 0.131729 -0.077911 0.988219 -0.773182
0.637326 -0.756597 -0.146210 2.858305 0.759269 0.648963 -0.048567 0.895096 0.131631 -0.080060 0.988060 -0.779061
0.634357 -0.758724 -0.148083 2.885919 0.761203 0.646471 -0.051444 0.897401 0.134763 -0.080087 0.987636 -0.775627
0.626267 -0.765048 -0.149974 2.908350 0.767496 0.638801 -0.053711 0.914138 0.136895 -0.081467 0.987230 -0.782351
0.617162 -0.772249 -0.150808 2.934607 0.774785 0.629860 -0.054641 0.945147 0.137185 -0.083121 0.987051 -0.786228
0.618350 -0.771287 -0.150867 2.969827 0.773755 0.631092 -0.055022 0.935393 0.137649 -0.082711 0.987021 -0.789506
0.618977 -0.770642 -0.151589 3.007571 0.773081 0.631869 -0.055576 0.930133 0.138614 -0.082790 0.986879 -0.795414
0.619267 -0.770387 -0.151700 3.038443 0.772800 0.632194 -0.055794 0.924809 0.138887 -0.082683 0.986850 -0.793602
0.621573 -0.768334 -0.152677 3.079252 0.770701 0.634696 -0.056403 0.913364 0.140240 -0.082609 0.986665 -0.800811
0.622049 -0.767775 -0.153548 3.115743 0.770080 0.635372 -0.057272 0.907173 0.141532 -0.082618 0.986480 -0.806014
0.622946 -0.766850 -0.154533 3.153155 0.769168 0.636443 -0.057628 0.899787 0.142543 -0.082963 0.986305 -0.810374
0.624089 -0.765686 -0.155683 3.192766 0.767943 0.637836 -0.058558 0.892550 0.144137 -0.083010 0.986069 -0.816668
0.625218 -0.764630 -0.156343 3.226533 0.766885 0.639085 -0.058799 0.885391 0.144876 -0.083135 0.985951 -0.817855
0.626363 -0.763581 -0.156886 3.266180 0.765717 0.640396 -0.059767 0.879007 0.146106 -0.082695 0.985806 -0.824361
0.628359 -0.761765 -0.157729 3.309018 0.763786 0.642605 -0.060750 0.871339 0.147635 -0.082298 0.985611 -0.833325
0.628980 -0.761158 -0.158182 3.347563 0.763121 0.643342 -0.061300 0.863604 0.148425 -0.082156 0.985505 -0.840736
0.630513 -0.759671 -0.159227 3.387122 0.761524 0.645128 -0.062383 0.850747 0.150112 -0.081922 0.985268 -0.847431
0.631459 -0.758700 -0.160104 3.422487 0.760476 0.646281 -0.063230 0.845906 0.151445 -0.081829 0.985072 -0.848757
0.632207 -0.757797 -0.161425 3.460588 0.759473 0.647337 -0.064461 0.837292 0.153345 -0.081846 0.984777 -0.854007
0.631801 -0.757906 -0.162503 3.499295 0.759599 0.647140 -0.064956 0.834057 0.154393 -0.082398 0.984567 -0.859710
0.632122 -0.757483 -0.163222 3.536650 0.759042 0.647674 -0.066132 0.827556 0.155808 -0.082088 0.984370 -0.863488
0.631795 -0.757573 -0.164066 3.574678 0.759083 0.647547 -0.066917 0.823833 0.156935 -0.082262 0.984176 -0.870584
0.631886 -0.757375 -0.164632 3.613740 0.758787 0.647802 -0.067794 0.822808 0.157994 -0.082082 0.984022 -0.875412
0.630613 -0.758273 -0.165380 3.651777 0.759659 0.646705 -0.068497 0.823516 0.158892 -0.082437 0.983848 -0.882876
0.631816 -0.757100 -0.166156 3.690126 0.758338 0.648132 -0.069639 0.815799 0.160414 -0.082004 0.983637 -0.886776
0.633783 -0.755466 -0.166105 3.729610 0.756502 0.650172 -0.070584 0.804577 0.161320 -0.080923 0.983578 -0.893386
0.635999 -0.753404 -0.167001 3.767459 0.754321 0.652609 -0.071439 0.792732 0.162809 -0.080537 0.983364 -0.897905
0.635430 -0.753564 -0.168435 3.801929 0.754265 0.652446 -0.073482 0.790507 0.165268 -0.080352 0.982969 -0.900619
0.635580 -0.753330 -0.168917 3.837107 0.753906 0.652754 -0.074423 0.782993 0.166326 -0.080046 0.982816 -0.904781
0.637507 -0.751603 -0.169345 3.878936 0.751933 0.654867 -0.075805 0.773983 0.167874 -0.079011 0.982636 -0.912233
0.633689 -0.754528 -0.170661 3.915370 0.754746 0.651417 -0.077567 0.776187 0.169698 -0.079653 0.982271 -0.914922
0.632762 -0.755167 -0.171273 3.951473 0.755102 0.650759 -0.079592 0.774730 0.171562 -0.078966 0.982003 -0.914458
0.630247 -0.757256 -0.171327 3.986967 0.757009 0.648366 -0.080991 0.778542 0.172413 -0.078652 0.981879 -0.915232
0.628562 -0.758402 -0.172445 4.024578 0.758207 0.646912 -0.081413 0.779827 0.173301 -0.079576 0.981648 -0.918644
0.624379 -0.761513 -0.173922 4.057153 0.761220 0.643137 -0.083184 0.786355 0.175201 -0.080455 0.981239 -0.919293
0.622877 -0.762616 -0.174475 4.094175 0.762295 0.641785 -0.083786 0.786556 0.175872 -0.080813 0.981090 -0.924654
0.621822 -0.763400 -0.174809 4.130649 0.762993 0.640853 -0.084553 0.783641 0.176575 -0.080801 0.980964 -0.926774
0.619821 -0.764912 -0.175304 4.167218 0.764471 0.638999 -0.085236 0.786222 0.177217 -0.081184 0.980817 -0.927896
0.615197 -0.768438 -0.176169 4.204929 0.767890 0.634668 -0.086844 0.794730 0.178543 -0.081853 0.980521 -0.932033
0.615857 -0.767677 -0.177180 4.243669 0.766967 0.635614 -0.088071 0.791672 0.180229 -0.081652 0.980229 -0.932166
0.620141 -0.763994 -0.178154 4.282950 0.763118 0.640133 -0.088779 0.777049 0.181869 -0.080897 0.979989 -0.936190
0.620542 -0.763542 -0.178698 4.319941 0.762494 0.640724 -0.089870 0.773251 0.183115 -0.080488 0.979790 -0.938387
0.620602 -0.763234 -0.179799 4.353326 0.762083 0.641073 -0.090865 0.769649 0.184616 -0.080631 0.979497 -0.938413
0.619866 -0.763726 -0.180246 4.390658 0.762341 0.640548 -0.092393 0.762446 0.186019 -0.080137 0.979272 -0.941815
0.618350 -0.764514 -0.182107 4.424639 0.763035 0.639509 -0.093846 0.759000 0.188205 -0.080924 0.978790 -0.942804
0.617662 -0.764647 -0.183871 4.462323 0.763090 0.639264 -0.095062 0.756244 0.190231 -0.081594 0.978342 -0.947937
0.613284 -0.767845 -0.185195 4.497269 0.766312 0.635240 -0.096107 0.761961 0.191439 -0.082977 0.977990 -0.950331
0.608547 -0.771457 -0.185811 4.530343 0.769858 0.630742 -0.097382 0.771726 0.192325 -0.083786 0.977747 -0.948674
0.610173 -0.770051 -0.186307 4.567293 0.768366 0.632497 -0.097785 0.759163 0.193138 -0.083486 0.977613 -0.951071
0.608560 -0.771115 -0.187184 4.600922 0.769410 0.631119 -0.098474 0.755028 0.194070 -0.084094 0.977376 -0.953134
0.610373 -0.769457 -0.188100 4.641512 0.767623 0.633175 -0.099225 0.747196 0.195449 -0.083825 0.977124 -0.958283
0.609503 -0.769930 -0.188982 4.674628 0.767936 0.632593 -0.100505 0.743905 0.196930 -0.083868 0.976823 -0.958956
0.610654 -0.768862 -0.189613 4.705982 0.766618 0.633981 -0.101812 0.740247 0.198490 -0.083190 0.976565 -0.956016
0.606767 -0.771663 -0.190714 4.736178 0.769311 0.630461 -0.103349 0.742997 0.199988 -0.084009 0.976190 -0.959307
0.607365 -0.771120 -0.191004 4.768085 0.768602 0.631188 -0.104179 0.733059 0.200894 -0.083531 0.976045 -0.958771
0.603018 -0.774302 -0.191901 4.794563 0.771756 0.627137 -0.105320 0.737492 0.201898 -0.084591 0.975746 -0.960136
0.606573 -0.771286 -0.192839 4.834264 0.768370 0.631012 -0.106919 0.724226 0.204149 -0.083317 0.975387 -0.962405
0.606786 -0.770877 -0.193804 4.865696 0.767917 0.631473 -0.107456 0.720188 0.205218 -0.083623 0.975137 -0.958164
0.608541 -0.769294 -0.194591 4.906078 0.766162 0.633458 -0.108298 0.711283 0.206577 -0.083184 0.974887 -0.963312
0.610064 -0.767829 -0.195604 4.944928 0.764503 0.635279 -0.109347 0.701856 0.208222 -0.082831 0.974567 -0.966616
0.610791 -0.767115 -0.196137 4.980537 0.763520 0.636229 -0.110682 0.692773 0.209693 -0.082151 0.974309 -0.969738
0.611553 -0.766349 -0.196755 5.020786 0.762694 0.637152 -0.111068 0.686892 0.210479 -0.082140 0.974141 -0.977334
0.610436 -0.767044 -0.197513 5.055692 0.763276 0.636286 -0.112028 0.686133 0.211605 -0.082371 0.973878 -0.976995
0.610038 -0.767188 -0.198182 5.095140 0.763158 0.636162 -0.113533 0.683126 0.213177 -0.081985 0.973567 -0.982950
0.609681 -0.767139 -0.199465 5.136629 0.762811 0.636244 -0.115388 0.676897 0.215427 -0.081805 0.973087 -0.988369
0.607547 -0.768554 -0.200530 5.169280 0.763962 0.634516 -0.117272 0.678416 0.217370 -0.081949 0.972643 -0.987282
0.603658 -0.771595 -0.200593 5.191535 0.766834 0.630782 -0.118659 0.680743 0.218087 -0.082192 0.972462 -0.980041
0.599095 -0.775105 -0.200741 5.224857 0.770279 0.626370 -0.119715 0.692061 0.218530 -0.082906 0.972302 -0.977381
0.597748 -0.775786 -0.202124 5.258699 0.770902 0.625422 -0.120659 0.690425 0.220018 -0.083694 0.971898 -0.979487
0.590622 -0.780816 -0.203700 5.279917 0.775743 0.618915 -0.123160 0.700491 0.222238 -0.085278 0.971255 -0.986896
0.592439 -0.779327 -0.204121 5.320383 0.773906 0.620937 -0.124533 0.689678 0.223798 -0.084193 0.970992 -0.992579
0.594539 -0.777530 -0.204868 5.357946 0.771890 0.623267 -0.125398 0.680171 0.225188 -0.083581 0.970723 -0.996755
0.593177 -0.778316 -0.205831 5.385931 0.772599 0.622212 -0.126265 0.678314 0.226345 -0.084127 0.970407 -0.992735
0.592082 -0.778904 -0.206756 5.420361 0.773138 0.621401 -0.126962 0.676476 0.227369 -0.084679 0.970119 -0.993840
0.593706 -0.777469 -0.207498 5.461931 0.771493 0.623263 -0.127841 0.668410 0.228719 -0.084183 0.969846 -0.998713
0.592507 -0.778134 -0.208433 5.497153 0.772113 0.622352 -0.128530 0.666598 0.229732 -0.084779 0.969554 -0.998297
0.593709 -0.777028 -0.209134 5.535897 0.770879 0.623761 -0.129109 0.660138 0.230770 -0.084564 0.969326 -1.003056
0.593603 -0.777027 -0.209437 5.572763 0.770723 0.623794 -0.129876 0.659831 0.231563 -0.084323 0.969158 -1.003543
0.592926 -0.777368 -0.210093 5.606601 0.771011 0.623325 -0.130416 0.658274 0.232338 -0.084657 0.968943 -1.003784
0.586055 -0.782306 -0.211039 5.633035 0.776007 0.616841 -0.131609 0.668788 0.233135 -0.086637 0.968577 -1.002813
0.586810 -0.781555 -0.211722 5.672502 0.775022 0.617849 -0.132683 0.662244 0.234511 -0.086229 0.968281 -1.005890
0.588309 -0.780126 -0.212831 5.710907 0.773363 0.619696 -0.133743 0.652141 0.236227 -0.085913 0.967892 -1.009651
0.586820 -0.781155 -0.213165 5.745443 0.774492 0.618297 -0.133688 0.651289 0.236230 -0.086643 0.967826 -1.012536
0.589330 -0.779122 -0.213679 5.786141 0.772167 0.620994 -0.134630 0.641463 0.237587 -0.085654 0.967582 -1.018136
0.590036 -0.778282 -0.214791 5.827049 0.771171 0.622042 -0.135502 0.635453 0.239068 -0.085690 0.967214 -1.026546
0.589446 -0.778468 -0.215734 5.864192 0.771178 0.621788 -0.136623 0.634214 0.240497 -0.085838 0.966846 -1.031914
0.592839 -0.775678 -0.216484 5.904597 0.768053 0.625423 -0.137628 0.620963 0.242149 -0.084680 0.966536 -1.036537
0.592368 -0.775924 -0.216891 5.942399 0.768045 0.625164 -0.138846 0.619342 0.243327 -0.084334 0.966271 -1.040673
0.592372 -0.775691 -0.217713 5.980484 0.767663 0.625447 -0.139683 0.615000 0.244518 -0.084386 0.965965 -1.043542
0.590665 -0.776740 -0.218610 6.019385 0.768599 0.624071 -0.140686 0.616692 0.245704 -0.084925 0.965617 -1.047679
0.586530 -0.779652 -0.219373 6.052892 0.771343 0.620313 -0.142277 0.623776 0.247007 -0.085762 0.965211 -1.048090
0.583625 -0.781672 -0.219934 6.088444 0.773311 0.617658 -0.143144 0.630672 0.247735 -0.086535 0.964955 -1.049603
0.580484 -0.783695 -0.221045 6.123466 0.775200 0.614960 -0.144534 0.636583 0.249205 -0.087455 0.964494 -1.047027
0.581711 -0.782664 -0.221470 6.164205 0.773941 0.616355 -0.145339 0.631864 0.250256 -0.086860 0.964275 -1.049637
0.579303 -0.784169 -0.222456 6.201928 0.775420 0.614301 -0.146151 0.635912 0.251262 -0.087831 0.963925 -1.052368
0.580413 -0.783235 -0.222854 6.240928 0.774206 0.615591 -0.147149 0.628464 0.252439 -0.087128 0.963682 -1.056885
0.580022 -0.783368 -0.223406 6.276023 0.774194 0.615419 -0.147936 0.624513 0.253376 -0.087153 0.963433 -1.059061
0.579664 -0.783501 -0.223867 6.311708 0.773867 0.615360 -0.149877 0.623942 0.255187 -0.086365 0.963026 -1.058666
0.578047 -0.784438 -0.224763 6.345792 0.774880 0.614022 -0.150133 0.621842 0.255780 -0.087380 0.962777 -1.061875
0.578651 -0.783816 -0.225381 6.385435 0.774088 0.614845 -0.150846 0.619753 0.256810 -0.087177 0.962522 -1.067820
0.579884 -0.782567 -0.226546 6.426605 0.772576 0.616471 -0.151957 0.613410 0.258575 -0.086906 0.962073 -1.071775
0.582391 -0.780388 -0.227629 6.466385 0.770025 0.619346 -0.153206 0.603551 0.260541 -0.086054 0.961619 -1.074149
0.582287 -0.780193 -0.228565 6.500750 0.769376 0.619668 -0.155154 0.599595 0.262684 -0.085508 0.961085 -1.073210
0.581777 -0.780377 -0.229233 6.537826 0.769368 0.619433 -0.156132 0.597797 0.263836 -0.085530 0.960767 -1.075263
0.585208 -0.777598 -0.229941 6.576913 0.766392 0.623034 -0.156436 0.586399 0.264905 -0.084678 0.960549 -1.078432
0.586063 -0.776745 -0.230646 6.611917 0.765308 0.624146 -0.157312 0.580625 0.266148 -0.084320 0.960237 -1.080172
0.587532 -0.775507 -0.231076 6.648089 0.763890 0.625754 -0.157811 0.572727 0.266980 -0.083798 0.960051 -1.084099
0.587190 -0.775449 -0.232135 6.680235 0.763640 0.625798 -0.158845 0.571514 0.268446 -0.083995 0.959625 -1.082860
0.587566 -0.774998 -0.232688 6.718022 0.762912 0.626415 -0.159909 0.566759 0.269688 -0.083564 0.959314 -1.085214
0.586199 -0.775740 -0.233661 6.754474 0.763527 0.625422 -0.160857 0.567014 0.270920 -0.084113 0.958919 -1.088130
0.588943 -0.773472 -0.234280 6.794514 0.760986 0.628349 -0.161487 0.557016 0.272115 -0.083177 0.958662 -1.092067
0.590552 -0.771924 -0.235336 6.833361 0.759087 0.630332 -0.162696 0.548252 0.273929 -0.082560 0.958199 -1.094112
0.590838 -0.771361 -0.236457 6.866041 0.758469 0.630966 -0.163118 0.543075 0.275019 -0.082969 0.957851 -1.093969
0.591336 -0.770672 -0.237459 6.903998 0.757592 0.631809 -0.163927 0.538098 0.276363 -0.082961 0.957465 -1.098218
0.591859 -0.769923 -0.238582 6.944003 0.756698 0.632702 -0.164612 0.533897 0.277690 -0.083107 0.957068 -1.103478
0.594099 -0.767907 -0.239511 6.985338 0.754483 0.635212 -0.165110 0.525278 0.278930 -0.082615 0.956751 -1.108997
0.594627 -0.767116 -0.240733 7.023920 0.753521 0.636149 -0.165894 0.519253 0.280402 -0.082752 0.956308 -1.112843
0.595801 -0.766010 -0.241348 7.061263 0.752053 0.637580 -0.167056 0.515969 0.281845 -0.081975 0.955951 -1.114472
0.599198 -0.763018 -0.242414 7.102696 0.748636 0.641314 -0.168110 0.501506 0.283734 -0.080749 0.955496 -1.119160
0.601805 -0.760753 -0.243074 7.144077 0.746084 0.644116 -0.168739 0.492457 0.284937 -0.079805 0.955218 -1.123807
0.602652 -0.759622 -0.244510 7.184467 0.744668 0.645462 -0.169853 0.486658 0.286846 -0.079716 0.954654 -1.128326
0.605408 -0.757388 -0.244632 7.225091 0.741903 0.648303 -0.171126 0.476474 0.288204 -0.077892 0.954395 -1.131269
0.606960 -0.755849 -0.245546 7.260148 0.739915 0.650206 -0.172507 0.467999 0.290045 -0.076978 0.953911 -1.130859
0.607478 -0.754998 -0.246877 7.298331 0.738827 0.651188 -0.173465 0.460296 0.291729 -0.077023 0.953394 -1.136774
0.608060 -0.754409 -0.247245 7.333913 0.737854 0.651966 -0.174681 0.451306 0.292977 -0.076214 0.953077 -1.136829
0.608941 -0.753330 -0.248365 7.375916 0.736561 0.653225 -0.175433 0.446534 0.294397 -0.076107 0.952647 -1.141326
0.607051 -0.754392 -0.249764 7.415755 0.737585 0.651862 -0.176197 0.448270 0.295733 -0.077261 0.952140 -1.143446
0.605173 -0.755562 -0.250783 7.448984 0.738572 0.650430 -0.177348 0.448118 0.297114 -0.077895 0.951659 -1.140494
0.602997 -0.757360 -0.250600 7.475455 0.740236 0.648314 -0.178158 0.445037 0.297398 -0.078074 0.951555 -1.134612
0.598305 -0.760920 -0.251061 7.504328 0.743878 0.643929 -0.178891 0.452315 0.297787 -0.079727 0.951296 -1.132599
0.593188 -0.764720 -0.251660 7.530368 0.747904 0.639141 -0.179274 0.459660 0.297940 -0.081874 0.951066 -1.129960
0.587358 -0.768906 -0.252576 7.553257 0.752332 0.633767 -0.179822 0.467795 0.298341 -0.084401 0.950720 -1.124992
0.577876 -0.775427 -0.254503 7.575427 0.759146 0.625203 -0.181164 0.502789 0.299595 -0.088515 0.949951 -1.119678
0.570777 -0.780426 -0.255243 7.598853 0.764284 0.618585 -0.182274 0.518055 0.300141 -0.091040 0.949540 -1.117724
0.562452 -0.786284 -0.255744 7.617623 0.770204 0.610737 -0.183815 0.543955 0.300723 -0.093588 0.949108 -1.110696
0.552392 -0.793358 -0.255824 7.638927 0.777320 0.601089 -0.185649 0.585170 0.301060 -0.096306 0.948729 -1.106631
0.545773 -0.797661 -0.256648 7.665964 0.781739 0.594977 -0.186783 0.598628 0.301689 -0.098691 0.948284 -1.105365
0.536691 -0.803299 -0.258213 7.686346 0.787809 0.586650 -0.187617 0.630501 0.302193 -0.102730 0.947694 -1.105218
0.525517 -0.810352 -0.259157 7.709118 0.795003 0.576207 -0.189626 0.665911 0.302992 -0.106379 0.947037 -1.116478
0.515615 -0.816496 -0.259761 7.726310 0.801450 0.566813 -0.190793 0.696628 0.303017 -0.109810 0.946637 -1.111697
0.507566 -0.821301 -0.260465 7.744217 0.806239 0.559350 -0.192633 0.712300 0.303900 -0.112223 0.946070 -1.107330
0.497733 -0.827121 -0.261022 7.760183 0.812225 0.550062 -0.194224 0.742745 0.304225 -0.115338 0.945591 -1.103758
0.492253 -0.830010 -0.262242 7.785106 0.815220 0.545207 -0.195364 0.752414 0.305130 -0.117617 0.945019 -1.099798
0.484946 -0.834124 -0.262801 7.804421 0.819456 0.538365 -0.196614 0.764747 0.305483 -0.120006 0.944604 -1.093417
0.476798 -0.838639 -0.263341 7.818646 0.824019 0.530742 -0.198261 0.790519 0.306035 -0.122467 0.944110 -1.087308
0.473995 -0.840098 -0.263751 7.849578 0.824869 0.528452 -0.200823 0.789917 0.308090 -0.122371 0.943454 -1.081751
0.466782 -0.843707 -0.265090 7.870815 0.828385 0.522085 -0.202993 0.810687 0.309666 -0.124843 0.942613 -1.079054
0.461203 -0.846322 -0.266515 7.888800 0.831070 0.517254 -0.204382 0.823166 0.310828 -0.127231 0.941911 -1.072341
0.457841 -0.847598 -0.268255 7.912276 0.831971 0.514845 -0.206784 0.827728 0.313380 -0.128506 0.940892 -1.063856
0.451317 -0.850868 -0.268956 7.930830 0.835228 0.508892 -0.208386 0.844808 0.314178 -0.130591 0.940338 -1.055809
0.443792 -0.854542 -0.269827 7.960896 0.838776 0.502101 -0.210595 0.858290 0.315443 -0.132863 0.939597 -1.065380
0.439352 -0.856624 -0.270490 7.979173 0.840718 0.498183 -0.212149 0.864139 0.316485 -0.134198 0.939056 -1.055614
0.430920 -0.860271 -0.272476 7.998954 0.844547 0.490840 -0.214049 0.881073 0.317882 -0.137881 0.938050 -1.053865
0.427577 -0.861776 -0.272985 8.026338 0.845742 0.487992 -0.215834 0.884858 0.319215 -0.138589 0.937493 -1.049664
0.422796 -0.863916 -0.273664 8.052262 0.847672 0.483803 -0.217685 0.893390 0.320461 -0.139941 0.936867 -1.043514
0.420755 -0.864655 -0.274475 8.083347 0.847908 0.482401 -0.219868 0.896637 0.322517 -0.140219 0.936120 -1.037314
0.414471 -0.867543 -0.274923 8.100973 0.850611 0.476692 -0.221869 0.913832 0.323535 -0.141894 0.935516 -1.027573
0.411622 -0.868377 -0.276566 8.128245 0.850976 0.474847 -0.224413 0.915459 0.326201 -0.142977 0.934424 -1.019351
0.404449 -0.871584 -0.277060 8.150823 0.854355 0.468169 -0.225601 0.930928 0.326341 -0.145464 0.933992 -1.015878
0.395285 -0.875798 -0.276996 8.165229 0.858646 0.459427 -0.227278 0.963560 0.326309 -0.148002 0.933604 -1.010423
0.391977 -0.876926 -0.278127 8.193817 0.859577 0.456841 -0.228963 0.970463 0.327843 -0.149324 0.932856 -1.003255
0.388406 -0.878256 -0.278941 8.223606 0.860434 0.454009 -0.231367 0.976655 0.329841 -0.150145 0.932019 -0.996963
0.383437 -0.880132 -0.279901 8.249094 0.862018 0.449837 -0.233606 0.983258 0.331514 -0.151707 0.931172 -0.989488
0.376858 -0.882543 -0.281240 8.269066 0.864046 0.444354 -0.236590 0.997876 0.333771 -0.153844 0.930015 -0.984384
0.370663 -0.885063 -0.281555 8.291450 0.866472 0.438683 -0.238295 1.014679 0.334420 -0.155632 0.929484 -0.980618
0.362504 -0.888444 -0.281529 8.317776 0.869822 0.430993 -0.240114 1.032949 0.334665 -0.157838 0.929024 -0.993165
0.361197 -0.888908 -0.281744 8.345718 0.869738 0.430110 -0.241998 1.035938 0.336295 -0.157634 0.928470 -0.984638
0.356085 -0.890573 -0.282989 8.367710 0.871004 0.426010 -0.244679 1.045922 0.338461 -0.159358 0.927388 -0.976953
0.348236 -0.893236 -0.284361 8.394456 0.873637 0.419227 -0.246998 1.059171 0.339839 -0.162415 0.926353 -0.986153
0.346394 -0.893652 -0.285303 8.421692 0.873672 0.418083 -0.248809 1.062292 0.341629 -0.163075 0.925578 -0.978915
0.340046 -0.895934 -0.285781 8.441591 0.876141 0.412238 -0.249875 1.079330 0.341681 -0.165416 0.925144 -0.973781
0.326884 -0.900313 -0.287373 8.455628 0.881401 0.400145 -0.251032 1.125102 0.340998 -0.171232 0.924337 -0.979233
