1.000000 0.000000 0.000000 0.000000 0.000000 1.000000 0.000000 0.000000 0.000000 0.000000 1.000000 0.000000
0.999942 -0.010516 -0.002505 0.031181 0.010516 0.999945 0.000070 -0.002743 0.002505 -0.000096 0.999997 -0.022876
0.999581 -0.028494 -0.005015 0.099336 0.028493 0.999594 -0.000284 0.014163 0.005021 0.000141 0.999987 -0.045420
0.999347 -0.035235 -0.007979 0.121930 0.035229 0.999379 -0.000829 0.002829 0.008003 0.000548 0.999968 -0.050506
0.999124 -0.040661 -0.009935 0.144766 0.040652 0.999173 -0.001156 -0.015936 0.009974 0.000751 0.999950 -0.060240
0.998880 -0.045743 -0.012114 0.167559 0.045731 0.998953 -0.001326 -0.035161 0.012162 0.000770 0.999926 -0.068976
0.998680 -0.049322 -0.014332 0.187702 0.049296 0.998782 -0.002198 -0.058570 0.014423 0.001489 0.999895 -0.077308
0.998296 -0.055935 -0.016657 0.208018 0.055897 0.998433 -0.002795 -0.081337 0.016787 0.001859 0.999857 -0.092790
0.997806 -0.063435 -0.018952 0.229775 0.063387 0.997984 -0.003127 -0.097623 0.019112 0.001919 0.999816 -0.108470
0.997472 -0.068076 -0.020370 0.252034 0.068010 0.997677 -0.003903 -0.117238 0.020589 0.002508 0.999785 -0.115961
0.996427 -0.081469 -0.022266 0.288218 0.081396 0.996673 -0.004191 -0.111635 0.022533 0.002364 0.999743 -0.136455
0.995730 -0.089224 -0.023691 0.317182 0.089141 0.996009 -0.004535 -0.117571 0.024001 0.002403 0.999709 -0.148620
0.995052 -0.096140 -0.025068 0.340491 0.096035 0.995363 -0.005402 -0.130814 0.025471 0.002968 0.999671 -0.153115
0.994167 -0.104385 -0.027122 0.363830 0.104262 0.994532 -0.005888 -0.141651 0.027588 0.003026 0.999615 -0.157730
0.992642 -0.117469 -0.029379 0.403214 0.117348 0.993074 -0.005803 -0.135083 0.029857 0.002312 0.999552 -0.174028
0.992023 -0.122183 -0.031005 0.424903 0.122041 0.992504 -0.006434 -0.151928 0.031559 0.002599 0.999499 -0.178841
0.991053 -0.129490 -0.032338 0.448497 0.129329 0.991577 -0.007033 -0.166647 0.032977 0.002788 0.999452 -0.189174
0.990073 -0.136241 -0.034550 0.472435 0.136045 0.990671 -0.007958 -0.186244 0.035312 0.003179 0.999371 -0.205717
0.989130 -0.142393 -0.036696 0.496238 0.142192 0.989806 -0.008023 -0.203417 0.037465 0.002718 0.999294 -0.214209
0.988558 -0.145898 -0.038293 0.519288 0.145669 0.989295 -0.008725 -0.220863 0.039156 0.003047 0.999229 -0.221248
0.988163 -0.148258 -0.039420 0.541570 0.148016 0.988944 -0.009003 -0.241712 0.040319 0.003062 0.999182 -0.229355
0.987457 -0.152435 -0.041128 0.562604 0.152149 0.988307 -0.010019 -0.268482 0.042174 0.003636 0.999104 -0.238950
0.985594 -0.163322 -0.043942 0.597057 0.163036 0.986569 -0.010026 -0.263506 0.044990 0.002717 0.998984 -0.246222
0.983860 -0.172972 -0.045826 0.630704 0.172703 0.984925 -0.009800 -0.261317 0.046830 0.001728 0.998902 -0.264218
0.982857 -0.178147 -0.047497 0.654040 0.177852 0.984002 -0.010404 -0.280438 0.048590 0.001778 0.998817 -0.276436
0.981829 -0.183290 -0.049148 0.675220 0.182946 0.983056 -0.011443 -0.315433 0.050413 0.002243 0.998726 -0.309196
0.980621 -0.189279 -0.050551 0.698658 0.188893 0.981920 -0.012363 -0.327534 0.051977 0.002575 0.998645 -0.313598
0.979405 -0.195071 -0.052087 0.723404 0.194671 0.980787 -0.012683 -0.336285 0.053561 0.002282 0.998562 -0.317118
0.978376 -0.199802 -0.053481 0.746925 0.199393 0.979834 -0.012935 -0.347173 0.054987 0.001992 0.998485 -0.319535
0.976247 -0.209778 -0.054165 0.784555 0.209354 0.977747 -0.013464 -0.339643 0.055784 0.001804 0.998441 -0.333067
0.974778 -0.216177 -0.055447 0.808857 0.215715 0.976352 -0.014269 -0.351835 0.057221 0.001948 0.998360 -0.336687
0.973254 -0.222445 -0.057395 0.836013 0.221951 0.974944 -0.014921 -0.362983 0.059276 0.001783 0.998240 -0.345116
0.971606 -0.229140 -0.058956 0.862020 0.228624 0.973392 -0.015442 -0.371807 0.060925 0.001525 0.998141 -0.352449
0.969363 -0.237856 -0.061325 0.887018 0.237339 0.971300 -0.015685 -0.378092 0.063296 0.000650 0.997995 -0.356918
0.966646 -0.248067 -0.063710 0.917839 0.247557 0.968743 -0.015899 -0.378773 0.065662 -0.000403 0.997842 -0.370235
0.964464 -0.255949 -0.065576 0.945288 0.255385 0.966690 -0.016982 -0.382402 0.067738 -0.000369 0.997703 -0.377540
0.961984 -0.264807 -0.066818 0.974048 0.264243 0.964301 -0.017297 -0.386016 0.069013 -0.001017 0.997615 -0.385663
0.958862 -0.275537 -0.068284 1.006991 0.274995 0.961288 -0.017396 -0.380230 0.070434 -0.002097 0.997514 -0.394773
0.956246 -0.284003 -0.070258 1.034281 0.283408 0.958821 -0.018516 -0.385194 0.072624 -0.002206 0.997357 -0.406102
0.954207 -0.290350 -0.072009 1.059775 0.289663 0.956919 -0.020039 -0.404616 0.074725 -0.001737 0.997203 -0.420683
0.951501 -0.298808 -0.073211 1.086296 0.298076 0.954312 -0.020982 -0.411196 0.076136 -0.001858 0.997096 -0.426685
0.949854 -0.303795 -0.074070 1.113224 0.302996 0.952736 -0.022072 -0.434722 0.077274 -0.001478 0.997009 -0.448617
0.945444 -0.316769 -0.076108 1.154775 0.315984 0.948499 -0.022462 -0.416733 0.079304 -0.002813 0.996847 -0.463205
0.942887 -0.323812 -0.078165 1.179326 0.323017 0.946115 -0.022956 -0.420841 0.081386 -0.003604 0.996676 -0.465837
0.941689 -0.326947 -0.079551 1.208976 0.326111 0.945036 -0.023642 -0.434900 0.082908 -0.003679 0.996550 -0.478323
0.940379 -0.330319 -0.081096 1.236433 0.329416 0.943863 -0.024656 -0.450046 0.084687 -0.003529 0.996401 -0.485281
0.939490 -0.332592 -0.082109 1.266440 0.331622 0.943066 -0.025581 -0.465279 0.085942 -0.003196 0.996295 -0.497394
0.937938 -0.336484 -0.083969 1.297786 0.335515 0.941681 -0.025826 -0.476847 0.087762 -0.003950 0.996134 -0.510513
0.935068 -0.343754 -0.086492 1.324366 0.342813 0.939044 -0.025974 -0.483653 0.090148 -0.005363 0.995914 -0.518953
0.933440 -0.347878 -0.087577 1.348477 0.346907 0.937523 -0.026574 -0.492338 0.091351 -0.005576 0.995803 -0.523566
0.929949 -0.356573 -0.089726 1.381320 0.355563 0.934246 -0.027547 -0.487828 0.093649 -0.006286 0.995585 -0.531660
0.927770 -0.361834 -0.091207 1.410946 0.360766 0.932220 -0.028514 -0.504502 0.095342 -0.006450 0.995424 -0.547097
0.923779 -0.371396 -0.093258 1.444131 0.370307 0.928445 -0.029363 -0.496605 0.097490 -0.007409 0.995209 -0.553758
0.920390 -0.379176 -0.095431 1.469716 0.378118 0.925283 -0.029648 -0.500879 0.099542 -0.008797 0.994995 -0.572067
0.918068 -0.384360 -0.097047 1.499367 0.383196 0.923143 -0.031115 -0.508936 0.101547 -0.008622 0.994793 -0.577325
0.913606 -0.394436 -0.098713 1.536231 0.393261 0.918873 -0.031921 -0.491379 0.103296 -0.009657 0.994604 -0.581532
0.909541 -0.403002 -0.101610 1.566143 0.401822 0.915132 -0.032737 -0.485480 0.106180 -0.011054 0.994286 -0.598496
0.904401 -0.413807 -0.104034 1.601911 0.412658 0.910275 -0.033355 -0.462733 0.108502 -0.012764 0.994014 -0.607016
0.899285 -0.423955 -0.107464 1.630382 0.422941 0.905549 -0.033200 -0.450871 0.111389 -0.015594 0.993655 -0.614307
0.895014 -0.432613 -0.108610 1.659763 0.431603 0.901428 -0.033870 -0.439192 0.112556 -0.016562 0.993507 -0.617225
0.892915 -0.436585 -0.109986 1.690922 0.435522 0.899505 -0.034790 -0.452812 0.114122 -0.016836 0.993324 -0.626163
0.889382 -0.443383 -0.111407 1.719911 0.442300 0.896160 -0.035615 -0.450611 0.115629 -0.017600 0.993136 -0.627952
0.884776 -0.452121 -0.112954 1.750957 0.451106 0.891750 -0.035863 -0.455318 0.116941 -0.019224 0.992953 -0.654081
0.882116 -0.456982 -0.114185 1.778202 0.455925 0.889259 -0.036753 -0.455075 0.118335 -0.019639 0.992779 -0.657244
0.880330 -0.460161 -0.115198 1.809236 0.459039 0.887617 -0.037685 -0.464687 0.119593 -0.019705 0.992627 -0.665342
0.872733 -0.473844 -0.117514 1.849572 0.472794 0.880334 -0.038446 -0.434687 0.121669 -0.022007 0.992327 -0.682954
0.868165 -0.481886 -0.118638 1.879883 0.480808 0.875938 -0.039465 -0.420881 0.122937 -0.022780 0.992153 -0.691206
0.864934 -0.487322 -0.120027 1.909294 0.486209 0.872908 -0.040399 -0.424497 0.124460 -0.023416 0.991948 -0.694872
0.859553 -0.496318 -0.121804 1.935704 0.495224 0.867785 -0.041260 -0.421785 0.126178 -0.024855 0.991696 -0.714674
0.855563 -0.502849 -0.123108 1.964954 0.501689 0.864002 -0.042532 -0.429640 0.127753 -0.025373 0.991482 -0.722654
0.851887 -0.508882 -0.123806 1.990600 0.507585 0.860468 -0.044197 -0.428077 0.129022 -0.025192 0.991322 -0.721371
0.844879 -0.520087 -0.125257 2.024357 0.518778 0.853700 -0.045456 -0.402084 0.130573 -0.026576 0.991083 -0.727930
0.842929 -0.523094 -0.125866 2.053701 0.521721 0.851858 -0.046304 -0.410014 0.131441 -0.026636 0.990966 -0.732908
0.841088 -0.525796 -0.126920 2.082740 0.524339 0.850191 -0.047367 -0.416681 0.132812 -0.026709 0.990781 -0.737664
0.835968 -0.533573 -0.128282 2.113106 0.532079 0.845301 -0.048553 -0.412730 0.134344 -0.027668 0.990549 -0.754478
0.830521 -0.541704 -0.129582 2.141233 0.540312 0.840051 -0.048757 -0.396637 0.135267 -0.029522 0.990369 -0.760499
0.828900 -0.543874 -0.130864 2.173647 0.542439 0.838633 -0.049544 -0.406414 0.136693 -0.029919 0.990162 -0.768701
0.827772 -0.545310 -0.132023 2.208866 0.543758 0.837706 -0.050763 -0.419941 0.138278 -0.029768 0.989946 -0.781686
0.825559 -0.548379 -0.133163 2.240062 0.546615 0.835719 -0.052779 -0.434933 0.140230 -0.029216 0.989688 -0.795477
0.822784 -0.552394 -0.133743 2.275913 0.550447 0.833087 -0.054537 -0.460123 0.141546 -0.028747 0.989514 -0.824892
0.822401 -0.552784 -0.134488 2.312557 0.550660 0.832853 -0.055944 -0.472665 0.142934 -0.028049 0.989335 -0.836518
0.821670 -0.553684 -0.135251 2.347657 0.551516 0.832250 -0.056480 -0.483588 0.143835 -0.028185 0.989200 -0.848393
0.821115 -0.554325 -0.135991 2.381269 0.552055 0.831831 -0.057385 -0.495958 0.144932 -0.027955 0.989047 -0.857957
0.817569 -0.559159 -0.137554 2.405613 0.556770 0.828573 -0.058933 -0.491902 0.146927 -0.028404 0.988740 -0.857003
0.814392 -0.563409 -0.139054 2.430883 0.560980 0.825661 -0.059881 -0.488867 0.148549 -0.029240 0.988473 -0.855194
0.813608 -0.564391 -0.139657 2.461327 0.561841 0.825001 -0.060894 -0.500854 0.149586 -0.028921 0.988326 -0.861430
0.812377 -0.566080 -0.139987 2.492092 0.563475 0.823842 -0.061477 -0.512654 0.150128 -0.028937 0.988243 -0.869049
0.810401 -0.568663 -0.140966 2.521089 0.566037 0.822041 -0.062053 -0.523154 0.151167 -0.029504 0.988068 -0.875547
0.808675 -0.570780 -0.142320 2.549736 0.568078 0.820559 -0.063009 -0.532558 0.152746 -0.029895 0.987813 -0.878320
0.800573 -0.581475 -0.144812 2.583836 0.578868 0.812910 -0.063944 -0.508289 0.154901 -0.032635 0.987391 -0.894122
0.799476 -0.582740 -0.145777 2.613559 0.580064 0.811995 -0.064719 -0.520673 0.156084 -0.032819 0.987198 -0.900107
0.794595 -0.588954 -0.147481 2.643453 0.586365 0.807421 -0.065167 -0.511234 0.157459 -0.034696 0.986916 -0.907319
0.788497 -0.596556 -0.149641 2.670841 0.593935 0.801749 -0.066635 -0.501822 0.159726 -0.036335 0.986493 -0.924282
0.785808 -0.599732 -0.151084 2.697292 0.597006 0.799354 -0.067950 -0.503637 0.161521 -0.036803 0.986183 -0.926486
0.783793 -0.602238 -0.151580 2.725325 0.599343 0.797482 -0.069356 -0.510128 0.162651 -0.036487 0.986009 -0.928488
0.782353 -0.603966 -0.152146 2.754319 0.601083 0.796151 -0.069596 -0.518262 0.163165 -0.037004 0.985905 -0.932197
0.776040 -0.611627 -0.153862 2.785582 0.608815 0.790182 -0.070394 -0.501453 0.164634 -0.039045 0.985582 -0.940359
0.767962 -0.621332 -0.155499 2.823161 0.618670 0.782438 -0.070983 -0.464790 0.165773 -0.041690 0.985282 -0.953774
0.762268 -0.627660 -0.158085 2.850713 0.625049 0.777251 -0.072076 -0.457857 0.168111 -0.043870 0.984792 -0.966900
0.757726 -0.632464 -0.160748 2.881669 0.629933 0.773221 -0.072897 -0.457908 0.170399 -0.046024 0.984300 -0.974652
0.756877 -0.633316 -0.161395 2.915117 0.630655 0.772535 -0.073917 -0.468893 0.171496 -0.045839 0.984118 -0.982141
0.753236 -0.637224 -0.163037 2.948063 0.634538 0.769246 -0.074986 -0.469028 0.173199 -0.046971 0.983766 -0.995414
0.751090 -0.639418 -0.164339 2.977646 0.636558 0.767416 -0.076591 -0.474325 0.175090 -0.047085 0.983426 -0.999554
0.750131 -0.640333 -0.165158 3.005052 0.637227 0.766688 -0.078302 -0.481049 0.176764 -0.046507 0.983154 -1.000675
0.747781 -0.642422 -0.167681 3.037719 0.639246 0.764868 -0.079628 -0.486109 0.179409 -0.047645 0.982620 -1.011117
0.746071 -0.644034 -0.169111 3.067576 0.640653 0.763511 -0.081334 -0.492565 0.181499 -0.047660 0.982236 -1.012615
0.744950 -0.645226 -0.169509 3.098904 0.641767 0.762502 -0.082015 -0.501264 0.182169 -0.047689 0.982110 -1.019302
0.746325 -0.643534 -0.169893 3.130883 0.640053 0.763941 -0.082018 -0.515721 0.182569 -0.047529 0.982044 -1.022535
0.742073 -0.648105 -0.171132 3.161239 0.644441 0.760036 -0.083916 -0.513043 0.184453 -0.048012 0.981668 -1.034070
0.740293 -0.649517 -0.173473 3.189595 0.645796 0.758761 -0.085025 -0.519324 0.186850 -0.049085 0.981161 -1.036842
0.741165 -0.648418 -0.173862 3.225673 0.644482 0.759755 -0.086110 -0.533479 0.187928 -0.048229 0.980998 -1.046749
0.741478 -0.647879 -0.174535 3.261022 0.643749 0.760249 -0.087226 -0.547233 0.189202 -0.047680 0.980780 -1.055359
0.737426 -0.652151 -0.175786 3.288799 0.648036 0.756504 -0.088038 -0.545145 0.190397 -0.048994 0.980484 -1.066937
0.732728 -0.657164 -0.176759 3.315227 0.653068 0.752066 -0.088877 -0.538171 0.191342 -0.050313 0.980233 -1.075847
0.732417 -0.657373 -0.177276 3.352088 0.652975 0.751944 -0.090579 -0.554411 0.192846 -0.049415 0.979984 -1.085220
0.728418 -0.661443 -0.178603 3.382583 0.656938 0.748307 -0.092027 -0.559098 0.194521 -0.050297 0.979608 -1.096285
0.728811 -0.660767 -0.179503 3.419339 0.655994 0.748950 -0.093518 -0.576544 0.196232 -0.049596 0.979302 -1.106625
0.723127 -0.666986 -0.179488 3.449659 0.662188 0.743355 -0.094500 -0.558981 0.196454 -0.050519 0.979211 -1.113900
0.722737 -0.667065 -0.180762 3.479393 0.661850 0.743347 -0.096904 -0.566462 0.199010 -0.049601 0.978741 -1.116476
0.725893 -0.663559 -0.181019 3.516507 0.658000 0.746592 -0.098168 -0.586657 0.200288 -0.047851 0.978568 -1.123869
0.729682 -0.659703 -0.179876 3.552814 0.653696 0.750181 -0.099550 -0.607288 0.200613 -0.044944 0.978639 -1.130763
0.729493 -0.659578 -0.181101 3.583690 0.653318 0.750311 -0.101037 -0.614885 0.202524 -0.044610 0.978261 -1.133443
0.727668 -0.660942 -0.183453 3.612270 0.654465 0.749071 -0.102801 -0.627069 0.205365 -0.045259 0.977638 -1.147889
0.725278 -0.663103 -0.185109 3.642666 0.656289 0.747157 -0.105075 -0.628472 0.207981 -0.045277 0.977084 -1.154551
0.725616 -0.662610 -0.185551 3.674003 0.655641 0.747620 -0.105827 -0.639730 0.208844 -0.044865 0.976919 -1.156290
0.726098 -0.661977 -0.185924 3.708146 0.654872 0.748204 -0.106461 -0.651510 0.209584 -0.044456 0.976779 -1.160527
0.726826 -0.660791 -0.187295 3.739726 0.653544 0.749252 -0.107245 -0.664632 0.211198 -0.044457 0.976432 -1.162827
0.724355 -0.663204 -0.188337 3.769648 0.655805 0.747091 -0.108519 -0.668074 0.212675 -0.044906 0.976091 -1.162991
0.722643 -0.664418 -0.190620 3.806243 0.656539 0.746025 -0.111370 -0.677195 0.216204 -0.044669 0.975326 -1.168648
0.724192 -0.662305 -0.192088 3.838964 0.654214 0.747923 -0.112324 -0.691896 0.218060 -0.044323 0.974928 -1.170974
0.721023 -0.665451 -0.193134 3.865172 0.657392 0.745048 -0.112869 -0.693468 0.219003 -0.045584 0.974659 -1.168705
0.722085 -0.664113 -0.193773 3.900263 0.655863 0.746276 -0.113650 -0.706126 0.220084 -0.045024 0.974441 -1.173181
0.723447 -0.662142 -0.195429 3.934682 0.653605 0.748053 -0.114971 -0.721150 0.222318 -0.044558 0.973955 -1.176883
0.720634 -0.664738 -0.197002 3.966232 0.655857 0.745735 -0.117179 -0.726197 0.224805 -0.044762 0.973375 -1.180289
0.718135 -0.666694 -0.199499 4.002174 0.657257 0.743991 -0.120375 -0.730297 0.228679 -0.044677 0.972476 -1.186273
0.714313 -0.670310 -0.201101 4.035807 0.660643 0.740682 -0.122231 -0.716798 0.230885 -0.045544 0.971914 -1.193514
0.711286 -0.673023 -0.202762 4.065596 0.663087 0.738180 -0.124120 -0.719877 0.233211 -0.046164 0.971330 -1.201528
0.711458 -0.672154 -0.205028 4.101890 0.661757 0.738994 -0.126353 -0.731038 0.236443 -0.045784 0.970566 -1.206415
0.711785 -0.671300 -0.206685 4.134237 0.660115 0.739874 -0.129748 -0.741871 0.240020 -0.044083 0.969766 -1.207309
0.711969 -0.670492 -0.208661 4.165914 0.659224 0.740565 -0.130337 -0.753752 0.241917 -0.044759 0.969264 -1.207243
0.707137 -0.675004 -0.210540 4.194769 0.663414 0.736390 -0.132713 -0.754813 0.244621 -0.045829 0.968535 -1.217973
0.701920 -0.680019 -0.211857 4.224158 0.668345 0.731658 -0.134132 -0.743274 0.246219 -0.047443 0.968052 -1.225799
0.701925 -0.679308 -0.214108 4.255633 0.667336 0.732303 -0.135631 -0.751880 0.248927 -0.047679 0.967348 -1.225709
0.697763 -0.683019 -0.215899 4.280433 0.670604 0.728804 -0.138326 -0.749146 0.251827 -0.048264 0.966568 -1.221833
0.692421 -0.687926 -0.217510 4.312521 0.675319 0.724071 -0.140234 -0.743797 0.253964 -0.049788 0.965931 -1.231869
0.691139 -0.688825 -0.218737 4.343145 0.676113 0.723172 -0.141044 -0.751351 0.255339 -0.050409 0.965536 -1.231484
0.691895 -0.687442 -0.220692 4.376253 0.674393 0.724498 -0.142468 -0.762079 0.257830 -0.050260 0.964882 -1.231231
0.692141 -0.686507 -0.222820 4.413945 0.673098 0.725384 -0.144073 -0.773290 0.260537 -0.050261 0.964155 -1.235743
0.688999 -0.689031 -0.224757 4.446625 0.675141 0.722957 -0.146686 -0.771544 0.263561 -0.050677 0.963311 -1.236849
0.687580 -0.689622 -0.227277 4.478447 0.675486 0.722327 -0.148200 -0.779170 0.266371 -0.051623 0.962487 -1.237751
0.688035 -0.688474 -0.229370 4.513354 0.674013 0.723417 -0.149580 -0.792851 0.268912 -0.051682 0.961777 -1.240110
0.687502 -0.688326 -0.231405 4.546594 0.673489 0.723547 -0.151303 -0.802360 0.271579 -0.051828 0.961020 -1.242706
0.686291 -0.688746 -0.233737 4.580293 0.673607 0.723098 -0.152911 -0.809648 0.274332 -0.052506 0.960200 -1.242932
0.684930 -0.689476 -0.235571 4.611801 0.673558 0.722458 -0.156121 -0.817565 0.277833 -0.051739 0.959235 -1.242092
0.683204 -0.690393 -0.237887 4.642247 0.674344 0.721489 -0.157203 -0.820464 0.280165 -0.053016 0.958487 -1.239989
0.680974 -0.691784 -0.240226 4.675304 0.675517 0.720066 -0.158689 -0.821231 0.282757 -0.054214 0.957658 -1.238494
0.680866 -0.691072 -0.242572 4.711417 0.674501 0.720718 -0.160048 -0.829406 0.285431 -0.054644 0.956840 -1.241064
0.678376 -0.692674 -0.244969 4.746173 0.675901 0.719074 -0.161525 -0.829376 0.288035 -0.056000 0.955981 -1.241217
0.675084 -0.695729 -0.245402 4.769668 0.678004 0.716215 -0.165369 -0.830661 0.290812 -0.054746 0.955213 -1.234567
0.670613 -0.699300 -0.247504 4.797949 0.681187 0.712625 -0.167779 -0.831349 0.293706 -0.056082 0.954249 -1.235648
0.668100 -0.701425 -0.248283 4.819809 0.682999 0.710507 -0.169387 -0.830220 0.295220 -0.056410 0.953763 -1.228168
0.665590 -0.703185 -0.250042 4.845750 0.684409 0.708705 -0.171235 -0.831150 0.297616 -0.057159 0.952973 -1.220522
0.659868 -0.707666 -0.252553 4.879119 0.688394 0.704091 -0.174269 -0.819400 0.301145 -0.058862 0.951760 -1.225524
0.655033 -0.711278 -0.254983 4.905070 0.691436 0.700334 -0.177340 -0.812369 0.304711 -0.060141 0.950544 -1.220510
0.653564 -0.711706 -0.257545 4.936322 0.691325 0.699856 -0.179644 -0.815659 0.308098 -0.060638 0.949420 -1.217350
0.652759 -0.711615 -0.259824 4.966669 0.690616 0.699947 -0.181998 -0.820514 0.311376 -0.060638 0.948350 -1.214432
0.648303 -0.714946 -0.261832 4.993606 0.693842 0.696361 -0.183481 -0.813342 0.313508 -0.062719 0.947512 -1.209028
0.646014 -0.716548 -0.263106 5.022331 0.695237 0.694634 -0.184739 -0.812972 0.315137 -0.063577 0.946914 -1.204069
0.641859 -0.719396 -0.265493 5.049555 0.697145 0.691649 -0.188708 -0.808936 0.319384 -0.063963 0.945464 -1.197443
0.634453 -0.725363 -0.267053 5.074871 0.703155 0.685095 -0.190310 -0.787751 0.321001 -0.067037 0.944703 -1.198677
0.632540 -0.726121 -0.269523 5.104350 0.703094 0.684281 -0.193439 -0.789620 0.324889 -0.067142 0.943366 -1.194559
0.626080 -0.731029 -0.271331 5.133544 0.707834 0.678782 -0.195514 -0.778379 0.327101 -0.069650 0.942419 -1.197602
0.621544 -0.734164 -0.273287 5.159825 0.710741 0.675192 -0.197393 -0.770446 0.329440 -0.071548 0.941462 -1.192442
0.618098 -0.736404 -0.275072 5.189784 0.711945 0.672763 -0.201307 -0.768484 0.333302 -0.071409 0.940112 -1.188682
0.612851 -0.739727 -0.277880 5.210951 0.714888 0.668858 -0.203874 -0.745922 0.336673 -0.073709 0.938732 -1.180028
0.608869 -0.742299 -0.279771 5.236237 0.717329 0.665784 -0.205353 -0.740608 0.338700 -0.075655 0.937848 -1.174353
0.604642 -0.745279 -0.281009 5.262428 0.720010 0.662290 -0.207263 -0.739822 0.340579 -0.077009 0.937057 -1.166914
0.597012 -0.750894 -0.282373 5.290928 0.725618 0.655553 -0.209115 -0.712200 0.342134 -0.080051 0.936235 -1.171794
0.589372 -0.756521 -0.283403 5.316263 0.731356 0.648663 -0.210607 -0.696923 0.343162 -0.083143 0.935589 -1.176166
0.587275 -0.757703 -0.284594 5.350237 0.732026 0.647241 -0.212641 -0.695246 0.345320 -0.083451 0.934767 -1.173931
0.578210 -0.764074 -0.286120 5.379924 0.738613 0.639175 -0.214259 -0.674905 0.346591 -0.087445 0.933931 -1.181736
0.571121 -0.768725 -0.287895 5.411868 0.743114 0.633174 -0.216500 -0.660360 0.348716 -0.090291 0.932869 -1.189832
0.567109 -0.771097 -0.289477 5.444077 0.744921 0.630130 -0.219155 -0.657248 0.351399 -0.091353 0.931758 -1.185565
0.559735 -0.775725 -0.291456 5.470749 0.749117 0.624041 -0.222255 -0.640308 0.354290 -0.093931 0.930406 -1.188187
0.556852 -0.777326 -0.292712 5.497974 0.750493 0.621866 -0.223701 -0.639201 0.355917 -0.095110 0.929665 -1.182800
0.556484 -0.776919 -0.294486 5.529417 0.749524 0.622361 -0.225568 -0.642288 0.358525 -0.095199 0.928653 -1.178400
0.549934 -0.781155 -0.295583 5.552177 0.753775 0.616617 -0.227171 -0.618702 0.359718 -0.097874 0.927914 -1.177832
0.542958 -0.785547 -0.296836 5.576240 0.758217 0.610532 -0.228819 -0.604677 0.360976 -0.100827 0.927108 -1.177980
0.540506 -0.786825 -0.297926 5.605632 0.757861 0.609110 -0.233733 -0.603538 0.365377 -0.099452 0.925531 -1.172863
0.531695 -0.792114 -0.299760 5.632261 0.763151 0.601574 -0.236030 -0.578959 0.367290 -0.103266 0.924356 -1.174190
0.529817 -0.793314 -0.299912 5.657700 0.764080 0.599949 -0.237154 -0.576214 0.368070 -0.103508 0.924019 -1.165903
0.527129 -0.794515 -0.301465 5.689536 0.764804 0.598194 -0.239247 -0.571588 0.370420 -0.104447 0.922973 -1.160088
0.522395 -0.797097 -0.302886 5.717272 0.767103 0.594421 -0.241281 -0.563003 0.372366 -0.106301 0.921978 -1.154468
0.519483 -0.798484 -0.304238 5.748991 0.766884 0.592709 -0.246140 -0.562084 0.376863 -0.105450 0.920247 -1.149120
0.518260 -0.798834 -0.305402 5.771982 0.766581 0.592233 -0.248223 -0.566144 0.379158 -0.105471 0.919301 -1.140346
0.512074 -0.802245 -0.306892 5.796102 0.769854 0.587121 -0.250228 -0.546293 0.380927 -0.108127 0.918260 -1.134618
0.510572 -0.802647 -0.308340 5.827274 0.769723 0.586482 -0.252122 -0.548739 0.383201 -0.108610 0.917257 -1.128876
0.509631 -0.802555 -0.310132 5.858041 0.769167 0.586497 -0.253780 -0.551814 0.385564 -0.109209 0.916195 -1.122792
0.505490 -0.804814 -0.311053 5.886917 0.770497 0.583299 -0.257093 -0.548563 0.388349 -0.109707 0.914958 -1.117161
0.504425 -0.804816 -0.312771 5.916515 0.769520 0.583324 -0.259945 -0.550344 0.391655 -0.109560 0.913565 -1.109651
0.495965 -0.809641 -0.313847 5.942664 0.774211 0.575975 -0.262394 -0.520021 0.393213 -0.112845 0.912496 -1.112276
0.493963 -0.810723 -0.314212 5.971655 0.774827 0.574410 -0.264001 -0.517582 0.394518 -0.113053 0.911907 -1.105582
0.485491 -0.815460 -0.315155 5.992216 0.779722 0.566925 -0.265764 -0.488891 0.395389 -0.116707 0.911069 -1.102309
0.483240 -0.816333 -0.316353 6.017910 0.779541 0.565679 -0.268931 -0.488507 0.398492 -0.116652 0.909723 -1.093692
0.477236 -0.818940 -0.318720 6.043940 0.781743 0.561300 -0.271697 -0.479528 0.401401 -0.119494 0.908074 -1.092368
0.476114 -0.818736 -0.320915 6.078754 0.781067 0.561391 -0.273450 -0.481226 0.404043 -0.120463 0.906773 -1.088731
0.472557 -0.820174 -0.322498 6.107159 0.781823 0.559029 -0.276114 -0.478185 0.406747 -0.121657 0.905404 -1.083368
0.470333 -0.820635 -0.324570 6.139427 0.782020 0.558005 -0.277625 -0.476584 0.408941 -0.123244 0.904200 -1.078443
0.468243 -0.821464 -0.325492 6.172268 0.781142 0.557015 -0.282047 -0.476759 0.412995 -0.122189 0.902499 -1.072209
0.471580 -0.818783 -0.327423 6.211435 0.777435 0.561272 -0.283847 -0.483517 0.416183 -0.120694 0.901235 -1.068820
0.463067 -0.823529 -0.327672 6.231426 0.782471 0.553491 -0.285285 -0.454009 0.416304 -0.124288 0.900690 -1.063620
0.455948 -0.827026 -0.328846 6.259968 0.785937 0.547521 -0.287269 -0.443574 0.417629 -0.127473 0.899631 -1.060625
0.455371 -0.826792 -0.330232 6.295752 0.785260 0.547778 -0.288628 -0.444254 0.419530 -0.127885 0.898687 -1.057621
0.453580 -0.827162 -0.331765 6.327984 0.785112 0.547021 -0.290461 -0.445002 0.421741 -0.128725 0.897532 -1.052889
0.443791 -0.831756 -0.333513 6.354733 0.789660 0.538920 -0.293262 -0.422826 0.423660 -0.133215 0.895972 -1.054082
0.437683 -0.834712 -0.334199 6.376671 0.791779 0.533939 -0.296641 -0.406732 0.426052 -0.134777 0.894603 -1.044821
0.429591 -0.838378 -0.335520 6.401082 0.795173 0.527289 -0.299442 -0.393034 0.427962 -0.138159 0.893174 -1.044043
0.430608 -0.837655 -0.336023 6.435379 0.793184 0.528865 -0.301929 -0.397738 0.430623 -0.136515 0.892147 -1.034978
0.430639 -0.837319 -0.336819 6.468106 0.791751 0.529627 -0.304343 -0.399189 0.433221 -0.135615 0.891026 -1.028133
0.426181 -0.839244 -0.337696 6.497962 0.793494 0.526067 -0.305975 -0.391904 0.434439 -0.137559 0.890134 -1.029190
0.426406 -0.838629 -0.338939 6.534126 0.792139 0.527117 -0.307674 -0.394890 0.436686 -0.137293 0.889076 -1.027456
0.430176 -0.836308 -0.339909 6.577317 0.788509 0.531419 -0.309591 -0.399638 0.439548 -0.134843 0.888039 -1.028798
0.429082 -0.836377 -0.341119 6.618410 0.787582 0.531335 -0.312086 -0.400009 0.442270 -0.134749 0.886701 -1.029086
0.422844 -0.839168 -0.342053 6.648879 0.789822 0.526332 -0.314889 -0.395505 0.444279 -0.137012 0.885349 -1.033532
0.423726 -0.837983 -0.343863 6.687441 0.787810 0.528290 -0.316647 -0.397582 0.447004 -0.136727 0.884021 -1.030905
0.425004 -0.836716 -0.345367 6.731035 0.785721 0.530452 -0.318220 -0.400993 0.449461 -0.136118 0.882868 -1.032303
0.426547 -0.835412 -0.346620 6.776067 0.783596 0.532722 -0.319664 -0.404143 0.451703 -0.135258 0.881855 -1.035074
0.428486 -0.833964 -0.347713 6.814643 0.781302 0.535273 -0.321015 -0.408947 0.453836 -0.134119 0.880934 -1.032972
0.428338 -0.833765 -0.348372 6.860862 0.780058 0.535783 -0.323183 -0.413146 0.456110 -0.133319 0.879880 -1.037070
0.430043 -0.832467 -0.349374 6.897137 0.778435 0.537919 -0.323547 -0.419788 0.457277 -0.132826 0.879348 -1.033533
0.434199 -0.829831 -0.350502 6.938080 0.774950 0.542468 -0.324317 -0.427613 0.459264 -0.130803 0.878616 -1.032339
0.435748 -0.828649 -0.351375 6.976516 0.773128 0.544484 -0.325286 -0.431065 0.460866 -0.129915 0.877908 -1.030730
0.435886 -0.827921 -0.352916 7.012037 0.772127 0.545475 -0.326001 -0.434773 0.462410 -0.130397 0.877025 -1.028121
0.434246 -0.828515 -0.353544 7.038069 0.772020 0.544528 -0.327832 -0.434057 0.464128 -0.130584 0.876089 -1.020038
0.434543 -0.828008 -0.354366 7.074015 0.770930 0.545382 -0.328977 -0.436468 0.465661 -0.130237 0.875327 -1.017751
0.430988 -0.829997 -0.354054 7.120445 0.772270 0.542226 -0.331044 -0.441688 0.466743 -0.130750 0.874674 -1.031912
0.425198 -0.832674 -0.354770 7.152964 0.774387 0.537590 -0.333650 -0.434161 0.468542 -0.132862 0.873393 -1.036784
0.426936 -0.831319 -0.355857 7.190189 0.772231 0.539933 -0.334862 -0.438679 0.470516 -0.131839 0.872486 -1.033173
0.423671 -0.832434 -0.357151 7.214695 0.772977 0.537808 -0.336555 -0.438967 0.472238 -0.133481 0.871305 -1.021836
0.423289 -0.832189 -0.358172 7.255974 0.772078 0.538190 -0.338005 -0.441102 0.474049 -0.133462 0.870324 -1.021115
0.420351 -0.833685 -0.358155 7.297833 0.772832 0.535779 -0.340106 -0.441720 0.475433 -0.133830 0.869513 -1.026518
0.412274 -0.837613 -0.358379 7.321861 0.776916 0.528683 -0.341900 -0.420355 0.475849 -0.137474 0.868716 -1.021732
0.410134 -0.838133 -0.359615 7.354078 0.777073 0.527550 -0.343291 -0.418666 0.477438 -0.138652 0.867656 -1.015875
0.404715 -0.840074 -0.361222 7.381732 0.778858 0.523656 -0.345202 -0.408707 0.479151 -0.141632 0.866230 -1.015179
0.405078 -0.839355 -0.362486 7.417643 0.777843 0.524746 -0.345836 -0.410451 0.480492 -0.141866 0.865448 -1.012050
0.407345 -0.838065 -0.362929 7.455970 0.775975 0.527160 -0.346361 -0.414488 0.481595 -0.140536 0.865052 -1.010339
0.411504 -0.835750 -0.363575 7.496806 0.772251 0.531590 -0.347910 -0.422843 0.484039 -0.137605 0.864159 -1.008466
0.412420 -0.835124 -0.363975 7.530844 0.771022 0.532785 -0.348805 -0.426643 0.485216 -0.136779 0.863629 -1.003640
0.410218 -0.835899 -0.364683 7.555636 0.771313 0.531363 -0.350328 -0.428445 0.486618 -0.137575 0.862714 -0.992992
0.409014 -0.836205 -0.365335 7.589143 0.770986 0.530834 -0.351846 -0.430189 0.488147 -0.137759 0.861820 -0.987437
0.407384 -0.836673 -0.366084 7.622081 0.770719 0.530015 -0.353663 -0.428712 0.489930 -0.138071 0.860758 -0.983532
0.403404 -0.838344 -0.366668 7.654601 0.771851 0.526986 -0.355713 -0.420479 0.491439 -0.139518 0.859664 -0.980362
0.398201 -0.840657 -0.367059 7.680198 0.773456 0.522834 -0.358344 -0.412836 0.493156 -0.141212 0.858403 -0.973603
0.391400 -0.842839 -0.369362 7.703215 0.775981 0.518046 -0.359837 -0.402367 0.494631 -0.145778 0.856789 -0.968361
0.383433 -0.845906 -0.370706 7.732014 0.779593 0.511653 -0.361173 -0.384803 0.495191 -0.150514 0.855646 -0.970726
0.382969 -0.845810 -0.371403 7.767372 0.778590 0.511914 -0.362963 -0.386582 0.497125 -0.150167 0.854585 -0.964961
0.380421 -0.846573 -0.372282 7.796240 0.778809 0.510346 -0.364697 -0.384266 0.498735 -0.151198 0.853464 -0.957738
0.378760 -0.847130 -0.372709 7.835026 0.778726 0.509331 -0.366289 -0.382166 0.500127 -0.151503 0.852595 -0.954931
0.375990 -0.848011 -0.373510 7.859667 0.779225 0.507485 -0.367787 -0.380677 0.501439 -0.152764 0.851599 -0.947063
0.372456 -0.849487 -0.373697 7.887290 0.780392 0.504607 -0.369271 -0.378417 0.502261 -0.154093 0.850875 -0.939338
0.369844 -0.850499 -0.373987 7.928480 0.780837 0.502673 -0.370963 -0.376556 0.503497 -0.154825 0.850011 -0.937453
0.366681 -0.851873 -0.373975 7.954157 0.781823 0.500035 -0.372449 -0.374484 0.504280 -0.155813 0.849366 -0.928249
0.359070 -0.855424 -0.373255 7.970732 0.785952 0.492824 -0.373369 -0.351165 0.503338 -0.159295 0.849279 -0.917378
0.351879 -0.858034 -0.374110 7.994470 0.788544 0.487076 -0.375439 -0.335655 0.504360 -0.162893 0.847989 -0.919938
0.344743 -0.860596 -0.374870 8.015229 0.791154 0.481310 -0.377381 -0.314895 0.505202 -0.166481 0.846791 -0.911196
0.334144 -0.864208 -0.376155 8.030913 0.795621 0.472591 -0.379005 -0.286658 0.505307 -0.172635 0.845495 -0.906088
0.325691 -0.867279 -0.376499 8.056847 0.798519 0.465540 -0.381628 -0.268548 0.506254 -0.176349 0.844161 -0.909351
