1.000000 0.000000 0.000000 0.000000 0.000000 1.000000 0.000000 0.000000 0.000000 0.000000 1.000000 0.000000
0.999998 -0.001921 -0.000002 0.416395 0.001921 0.999998 -0.000033 0.002474 0.000002 0.000033 1.000000 -0.004053
0.999999 -0.001010 -0.000018 0.812656 0.001010 0.999999 -0.000029 -0.005240 0.000018 0.000029 1.000000 -0.007980
1.000000 -0.000201 -0.000035 1.239281 0.000201 1.000000 -0.000029 -0.012108 0.000035 0.000029 1.000000 -0.012068
1.000000 0.000094 -0.000054 1.603876 -0.000094 1.000000 -0.000039 -0.017195 0.000054 0.000039 1.000000 -0.015652
1.000000 0.000608 -0.000055 2.023318 -0.000608 1.000000 -0.000040 -0.024509 0.000055 0.000040 1.000000 -0.019647
1.000000 -0.000905 -0.000062 2.401248 0.000905 1.000000 -0.000061 -0.023279 0.000062 0.000060 1.000000 -0.023384
0.999999 -0.001190 -0.000074 2.743550 0.001190 0.999999 -0.000069 -0.025640 0.000074 0.000069 1.000000 -0.026570
0.999996 -0.002792 -0.000086 3.030702 0.002792 0.999996 -0.000087 -0.022514 0.000086 0.000087 1.000000 -0.029374
0.999998 -0.001959 -0.000095 3.533852 0.001959 0.999998 -0.000081 -0.031659 0.000095 0.000081 1.000000 -0.034234
0.999997 -0.002477 -0.000102 3.818713 0.002477 0.999997 -0.000086 -0.032280 0.000102 0.000086 1.000000 -0.036951
0.999999 -0.001567 -0.000109 4.306156 0.001567 0.999999 -0.000071 -0.040469 0.000109 0.000071 1.000000 -0.041504
0.999992 -0.003958 -0.000121 4.674812 0.003958 0.999992 -0.000091 -0.035185 0.000121 0.000090 1.000000 -0.045166
0.999989 -0.004775 -0.000122 5.000833 0.004775 0.999989 -0.000089 -0.035097 0.000122 0.000089 1.000000 -0.048419
0.999992 -0.004020 -0.000139 5.481361 0.004020 0.999992 -0.000074 -0.042573 0.000139 0.000073 1.000000 -0.052990
0.999974 -0.007227 -0.000151 5.868114 0.007227 0.999974 -0.000118 -0.032639 0.000151 0.000117 1.000000 -0.056974
0.999975 -0.007075 -0.000142 6.167444 0.007075 0.999975 -0.000105 -0.034619 0.000143 0.000104 1.000000 -0.059845
0.999946 -0.010416 -0.000173 6.678678 0.010416 0.999946 -0.000135 -0.024492 0.000174 0.000133 1.000000 -0.064741
0.999944 -0.010601 -0.000171 6.997697 0.010601 0.999944 -0.000123 -0.024500 0.000173 0.000121 1.000000 -0.067818
0.999940 -0.010910 -0.000190 7.333270 0.010910 0.999940 -0.000133 -0.023649 0.000191 0.000131 1.000000 -0.071128
0.999951 -0.009874 -0.000180 7.793316 0.009874 0.999951 -0.000129 -0.028203 0.000182 0.000127 1.000000 -0.075401
0.999946 -0.010441 -0.000190 8.094079 0.010441 0.999946 -0.000152 -0.026623 0.000191 0.000150 1.000000 -0.078238
0.999948 -0.010204 -0.000184 8.361486 0.010204 0.999948 -0.000134 -0.027395 0.000185 0.000132 1.000000 -0.080797
0.999943 -0.010685 -0.000174 8.807672 0.010685 0.999943 -0.000146 -0.027782 0.000176 0.000144 1.000000 -0.085044
0.999935 -0.011430 -0.000178 9.042181 0.011430 0.999935 -0.000158 -0.025201 0.000180 0.000156 1.000000 -0.087327
0.999955 -0.009533 -0.000202 9.389528 0.009533 0.999955 -0.000137 -0.031845 0.000203 0.000135 1.000000 -0.090637
0.999960 -0.008910 -0.000206 9.949214 0.008910 0.999960 -0.000146 -0.035307 0.000207 0.000144 1.000000 -0.095791
0.999962 -0.008737 -0.000210 10.238471 0.008737 0.999962 -0.000140 -0.036475 0.000212 0.000138 1.000000 -0.098525
0.999957 -0.009292 -0.000218 10.515187 0.009292 0.999957 -0.000147 -0.035708 0.000219 0.000145 1.000000 -0.101236
0.999965 -0.008384 -0.000236 11.008706 0.008384 0.999965 -0.000138 -0.041791 0.000237 0.000136 1.000000 -0.105896
0.999951 -0.009881 -0.000239 11.238322 0.009881 0.999951 -0.000154 -0.036944 0.000240 0.000151 1.000000 -0.108271
0.999942 -0.010721 -0.000231 11.601383 0.010721 0.999943 -0.000179 -0.034611 0.000233 0.000176 1.000000 -0.111720
0.999941 -0.010870 -0.000246 12.090475 0.010870 0.999941 -0.000183 -0.035961 0.000247 0.000180 1.000000 -0.116245
0.999949 -0.010082 -0.000253 12.430398 0.010082 0.999949 -0.000174 -0.039777 0.000255 0.000172 1.000000 -0.119596
0.999926 -0.012166 -0.000264 12.714007 0.012166 0.999926 -0.000199 -0.032670 0.000266 0.000196 1.000000 -0.122419
0.999922 -0.012470 -0.000261 13.277419 0.012470 0.999922 -0.000201 -0.032871 0.000263 0.000198 1.000000 -0.127663
0.999892 -0.014722 -0.000273 13.544007 0.014722 0.999892 -0.000243 -0.024415 0.000276 0.000239 1.000000 -0.130286
0.999889 -0.014867 -0.000291 13.883496 0.014867 0.999889 -0.000259 -0.022625 0.000294 0.000255 1.000000 -0.133328
0.999886 -0.015108 -0.000308 14.169021 0.015108 0.999886 -0.000278 -0.020315 0.000313 0.000274 1.000000 -0.136066
0.999831 -0.018398 -0.000327 14.702542 0.018398 0.999831 -0.000315 -0.008408 0.000333 0.000309 1.000000 -0.141019
0.999816 -0.019190 -0.000309 14.978367 0.019190 0.999816 -0.000312 -0.003928 0.000315 0.000306 1.000000 -0.143629
0.999802 -0.019894 -0.000305 15.358285 0.019894 0.999802 -0.000317 0.001769 0.000311 0.000310 1.000000 -0.147185
0.999764 -0.021722 -0.000305 15.737637 0.021722 0.999764 -0.000343 0.010235 0.000312 0.000336 1.000000 -0.150888
0.999710 -0.024086 -0.000311 16.157564 0.024086 0.999710 -0.000371 0.023036 0.000320 0.000364 1.000000 -0.155035
0.999669 -0.025730 -0.000339 16.548380 0.025730 0.999669 -0.000397 0.032898 0.000349 0.000388 1.000000 -0.158802
0.999652 -0.026361 -0.000341 16.886024 0.026361 0.999652 -0.000417 0.040523 0.000352 0.000407 1.000000 -0.161945
0.999629 -0.027240 -0.000331 17.234778 0.027240 0.999629 -0.000406 0.049273 0.000342 0.000397 1.000000 -0.165217
0.999587 -0.028724 -0.000333 17.721747 0.028724 0.999587 -0.000419 0.059852 0.000345 0.000409 1.000000 -0.169740
0.999536 -0.030460 -0.000328 17.995665 0.030460 0.999536 -0.000440 0.071154 0.000341 0.000430 1.000000 -0.172327
0.999554 -0.029851 -0.000340 18.311527 0.029851 0.999554 -0.000431 0.074230 0.000353 0.000421 1.000000 -0.175304
0.999587 -0.028725 -0.000352 18.765052 0.028724 0.999587 -0.000419 0.076642 0.000364 0.000408 1.000000 -0.179550
0.999563 -0.029571 -0.000361 19.186295 0.029571 0.999562 -0.000432 0.086137 0.000374 0.000421 1.000000 -0.183432
0.999588 -0.028684 -0.000379 19.606439 0.028684 0.999588 -0.000431 0.089198 0.000392 0.000420 1.000000 -0.187354
0.999609 -0.027974 -0.000399 20.034611 0.027973 0.999609 -0.000435 0.092979 0.000411 0.000423 1.000000 -0.191288
0.999591 -0.028581 -0.000417 20.414660 0.028581 0.999591 -0.000436 0.100475 0.000429 0.000424 1.000000 -0.194790
0.999622 -0.027500 -0.000423 20.873681 0.027500 0.999622 -0.000412 0.103137 0.000434 0.000400 1.000000 -0.198920
0.999671 -0.025645 -0.000438 21.417913 0.025645 0.999671 -0.000393 0.103756 0.000448 0.000381 1.000000 -0.204000
0.999688 -0.024967 -0.000447 21.814808 0.024967 0.999688 -0.000380 0.107409 0.000456 0.000369 1.000000 -0.207691
0.999703 -0.024362 -0.000462 22.117527 0.024362 0.999703 -0.000368 0.110324 0.000471 0.000357 1.000000 -0.210583
0.999733 -0.023109 -0.000480 22.683878 0.023108 0.999733 -0.000347 0.111943 0.000488 0.000336 1.000000 -0.215698
0.999772 -0.021328 -0.000500 22.992285 0.021328 0.999772 -0.000320 0.108182 0.000507 0.000310 1.000000 -0.218585
0.999784 -0.020776 -0.000508 23.353037 0.020775 0.999784 -0.000327 0.110686 0.000515 0.000316 1.000000 -0.221827
0.999822 -0.018857 -0.000530 23.836913 0.018857 0.999822 -0.000317 0.109009 0.000536 0.000307 1.000000 -0.226105
0.999835 -0.018181 -0.000565 24.192499 0.018181 0.999835 -0.000325 0.109649 0.000571 0.000315 1.000000 -0.229454
0.999867 -0.016320 -0.000576 24.490417 0.016320 0.999867 -0.000281 0.104559 0.000580 0.000271 1.000000 -0.232260
0.999908 -0.013531 -0.000587 25.064760 0.013531 0.999908 -0.000255 0.097298 0.000590 0.000247 1.000000 -0.237430
0.999914 -0.013066 -0.000585 25.293566 0.013066 0.999915 -0.000251 0.096532 0.000588 0.000243 1.000000 -0.239698
0.999943 -0.010697 -0.000615 25.657897 0.010697 0.999943 -0.000230 0.088627 0.000618 0.000223 1.000000 -0.243038
0.999973 -0.007352 -0.000626 26.115754 0.007352 0.999973 -0.000193 0.073763 0.000627 0.000188 1.000000 -0.247198
0.999973 -0.007375 -0.000643 26.371596 0.007375 0.999973 -0.000185 0.074700 0.000644 0.000180 1.000000 -0.249543
0.999975 -0.007091 -0.000663 26.698644 0.007091 0.999975 -0.000193 0.071431 0.000664 0.000188 1.000000 -0.252231
0.999981 -0.006051 -0.000660 27.284633 0.006051 0.999982 -0.000178 0.064619 0.000661 0.000174 1.000000 -0.257372
0.999987 -0.005141 -0.000676 27.489211 0.005141 0.999987 -0.000184 0.060580 0.000677 0.000180 1.000000 -0.259317
0.999985 -0.005456 -0.000678 27.970467 0.005456 0.999985 -0.000222 0.058055 0.000679 0.000218 1.000000 -0.263478
0.999988 -0.004735 -0.000695 28.511826 0.004735 0.999989 -0.000198 0.051597 0.000696 0.000194 1.000000 -0.268290
0.999995 -0.003101 -0.000700 28.882724 0.003101 0.999995 -0.000180 0.043548 0.000701 0.000178 1.000000 -0.271671
0.999996 -0.002598 -0.000716 29.277598 0.002597 0.999997 -0.000187 0.038463 0.000716 0.000185 1.000000 -0.275061
0.999999 -0.000924 -0.000739 29.867409 0.000924 0.999999 -0.000169 0.028128 0.000739 0.000168 1.000000 -0.280121
0.999995 -0.002971 -0.000760 30.184856 0.002971 0.999995 -0.000181 0.032312 0.000760 0.000179 1.000000 -0.283035
0.999996 -0.002524 -0.000771 30.606043 0.002524 0.999997 -0.000167 0.026712 0.000772 0.000165 1.000000 -0.286826
0.999998 -0.002032 -0.000766 31.270794 0.002032 0.999998 -0.000159 0.018544 0.000766 0.000158 1.000000 -0.292478
0.999999 -0.001225 -0.000775 31.518785 0.001225 0.999999 -0.000163 0.013685 0.000775 0.000162 1.000000 -0.294901
0.999998 -0.001512 -0.000766 31.995532 0.001512 0.999999 -0.000171 0.008745 0.000766 0.000170 1.000000 -0.299003
0.999999 -0.000691 -0.000794 32.721485 0.000690 1.000000 -0.000167 -0.001935 0.000794 0.000167 1.000000 -0.305349
1.000000 0.000130 -0.000800 33.033747 -0.000130 1.000000 -0.000155 -0.008159 0.000800 0.000155 1.000000 -0.308127
0.999999 0.000752 -0.000815 33.423330 -0.000753 1.000000 -0.000157 -0.014998 0.000815 0.000158 1.000000 -0.311346
0.999997 0.002475 -0.000827 33.976278 -0.002475 0.999997 -0.000142 -0.026793 0.000827 0.000144 1.000000 -0.316060
0.999997 0.002145 -0.000850 34.391982 -0.002145 0.999998 -0.000165 -0.031341 0.000850 0.000167 1.000000 -0.319671
0.999996 0.002823 -0.000853 34.709246 -0.002823 0.999996 -0.000154 -0.036510 0.000853 0.000156 1.000000 -0.322553
0.999995 0.003087 -0.000857 35.305773 -0.003087 0.999995 -0.000145 -0.047696 0.000856 0.000148 1.000000 -0.327675
0.999995 0.003109 -0.000873 35.648370 -0.003109 0.999995 -0.000152 -0.052106 0.000872 0.000155 1.000000 -0.330735
0.999996 0.002544 -0.000871 36.046631 -0.002544 0.999997 -0.000157 -0.055890 0.000871 0.000159 1.000000 -0.334159
0.999997 0.002203 -0.000885 36.598348 -0.002204 0.999998 -0.000171 -0.063977 0.000885 0.000173 1.000000 -0.338839
0.999997 0.002439 -0.000884 36.984931 -0.002439 0.999997 -0.000170 -0.070897 0.000884 0.000172 1.000000 -0.342267
0.999998 0.001663 -0.000890 37.301630 -0.001663 0.999999 -0.000188 -0.072464 0.000890 0.000190 1.000000 -0.345084
0.999998 0.001611 -0.000885 38.008628 -0.001611 0.999999 -0.000183 -0.082359 0.000885 0.000184 1.000000 -0.351182
0.999998 0.001642 -0.000901 38.325790 -0.001642 0.999999 -0.000195 -0.086188 0.000901 0.000197 1.000000 -0.354005
0.999999 0.001131 -0.000920 38.755522 -0.001131 0.999999 -0.000207 -0.090630 0.000920 0.000208 1.000000 -0.357591
0.999999 -0.001104 -0.000915 39.373628 0.001104 0.999999 -0.000215 -0.092471 0.000915 0.000214 1.000000 -0.362860
0.999997 -0.002301 -0.000931 39.601901 0.002301 0.999997 -0.000241 -0.090775 0.000931 0.000239 1.000000 -0.364696
0.999996 -0.002716 -0.000931 40.027311 0.002716 0.999996 -0.000254 -0.094114 0.000932 0.000251 1.000000 -0.368393
0.999995 -0.003148 -0.000917 40.662498 0.003148 0.999995 -0.000237 -0.100560 0.000918 0.000234 1.000000 -0.373755
0.999992 -0.003854 -0.000940 40.950984 0.003854 0.999993 -0.000254 -0.100599 0.000941 0.000250 1.000000 -0.376221
0.999987 -0.004936 -0.000932 41.425025 0.004936 0.999988 -0.000275 -0.101262 0.000933 0.000271 1.000000 -0.380327
0.999978 -0.006581 -0.000917 42.040470 0.006581 0.999978 -0.000298 -0.101929 0.000919 0.000292 1.000000 -0.385603
0.999974 -0.007205 -0.000927 42.352496 0.007205 0.999974 -0.000319 -0.100924 0.000930 0.000313 1.000000 -0.388368
0.999967 -0.008117 -0.000934 42.699040 0.008117 0.999967 -0.000337 -0.099246 0.000936 0.000330 1.000000 -0.391352
0.999966 -0.008210 -0.000943 43.300371 0.008210 0.999966 -0.000345 -0.102926 0.000945 0.000337 1.000000 -0.396467
0.999965 -0.008261 -0.000956 43.588293 0.008261 0.999966 -0.000364 -0.103141 0.000959 0.000356 1.000000 -0.399094
0.999960 -0.008835 -0.000970 43.948822 0.008835 0.999961 -0.000373 -0.103751 0.000974 0.000364 0.999999 -0.402298
0.999968 -0.007909 -0.000981 44.539404 0.007909 0.999969 -0.000356 -0.108833 0.000984 0.000349 0.999999 -0.407267
0.999968 -0.007899 -0.000998 44.789167 0.007898 0.999969 -0.000356 -0.111487 0.001001 0.000348 0.999999 -0.409504
0.999963 -0.008504 -0.000994 45.178611 0.008504 0.999964 -0.000363 -0.111010 0.000997 0.000355 0.999999 -0.412871
0.999948 -0.010121 -0.000988 45.735547 0.010121 0.999949 -0.000392 -0.108044 0.000992 0.000382 0.999999 -0.417500
0.999948 -0.010166 -0.000985 45.923791 0.010165 0.999948 -0.000402 -0.107981 0.000989 0.000392 0.999999 -0.419032
0.999928 -0.011935 -0.000986 46.440566 0.011935 0.999929 -0.000419 -0.103651 0.000991 0.000408 0.999999 -0.423268
0.999933 -0.011555 -0.000991 47.011725 0.011554 0.999933 -0.000425 -0.106161 0.000995 0.000413 0.999999 -0.428090
0.999935 -0.011371 -0.001004 47.310208 0.011370 0.999935 -0.000430 -0.106462 0.001009 0.000419 0.999999 -0.430814
0.999935 -0.011328 -0.001019 47.611492 0.011327 0.999936 -0.000432 -0.106253 0.001023 0.000421 0.999999 -0.433466
0.999922 -0.012427 -0.001030 48.243528 0.012426 0.999923 -0.000452 -0.104371 0.001035 0.000439 0.999999 -0.438850
0.999921 -0.012489 -0.001045 48.442066 0.012489 0.999922 -0.000460 -0.103536 0.001051 0.000447 0.999999 -0.440750
0.999942 -0.010753 -0.001058 48.816227 0.010753 0.999942 -0.000458 -0.110149 0.001063 0.000447 0.999999 -0.444015
0.999944 -0.010510 -0.001066 49.279371 0.010509 0.999945 -0.000466 -0.111592 0.001071 0.000455 0.999999 -0.447902
0.999956 -0.009343 -0.001077 49.712443 0.009343 0.999956 -0.000458 -0.116076 0.001081 0.000447 0.999999 -0.451554
0.999965 -0.008330 -0.001092 50.161890 0.008329 0.999965 -0.000462 -0.121781 0.001096 0.000453 0.999999 -0.455505
0.999958 -0.009076 -0.001074 50.721807 0.009075 0.999959 -0.000456 -0.122593 0.001079 0.000446 0.999999 -0.460039
0.999961 -0.008790 -0.001089 50.932798 0.008789 0.999961 -0.000447 -0.124421 0.001093 0.000437 0.999999 -0.462150
0.999955 -0.009370 -0.001110 51.332908 0.009369 0.999956 -0.000479 -0.123753 0.001115 0.000469 0.999999 -0.465535
0.999946 -0.010318 -0.001124 51.997470 0.010318 0.999947 -0.000472 -0.123697 0.001129 0.000460 0.999999 -0.471032
0.999940 -0.010928 -0.001139 52.328335 0.010928 0.999940 -0.000479 -0.122935 0.001144 0.000466 0.999999 -0.473867
0.999922 -0.012455 -0.001140 52.645886 0.012454 0.999922 -0.000500 -0.116744 0.001146 0.000486 0.999999 -0.476529
0.999925 -0.012190 -0.001160 53.284512 0.012189 0.999926 -0.000496 -0.117478 0.001166 0.000482 0.999999 -0.481715
0.999902 -0.013987 -0.001168 53.579047 0.013987 0.999902 -0.000524 -0.110287 0.001176 0.000507 0.999999 -0.484262
0.999888 -0.014910 -0.001186 53.928750 0.014910 0.999889 -0.000530 -0.105813 0.001194 0.000512 0.999999 -0.487215
0.999898 -0.014213 -0.001169 54.437587 0.014213 0.999899 -0.000518 -0.104962 0.001177 0.000501 0.999999 -0.491587
0.999865 -0.016380 -0.001172 54.757894 0.016379 0.999866 -0.000546 -0.096828 0.001181 0.000527 0.999999 -0.494327
0.999865 -0.016404 -0.001193 55.069354 0.016403 0.999865 -0.000573 -0.094107 0.001203 0.000554 0.999999 -0.496866
0.999859 -0.016726 -0.001190 55.618537 0.016725 0.999860 -0.000594 -0.091278 0.001199 0.000574 0.999999 -0.501234
0.999855 -0.016981 -0.001188 55.905011 0.016981 0.999856 -0.000591 -0.088142 0.001198 0.000570 0.999999 -0.503736
0.999823 -0.018773 -0.001195 56.283129 0.018772 0.999824 -0.000604 -0.079195 0.001206 0.000582 0.999999 -0.507231
0.999762 -0.021787 -0.001168 56.832413 0.021787 0.999763 -0.000631 -0.065200 0.001181 0.000605 0.999999 -0.511756
0.999753 -0.022177 -0.001180 57.110472 0.022176 0.999754 -0.000636 -0.060188 0.001193 0.000609 0.999999 -0.513999
0.999713 -0.023926 -0.001209 57.462185 0.023925 0.999714 -0.000646 -0.049452 0.001224 0.000617 0.999999 -0.516996
0.999647 -0.026524 -0.001235 58.037668 0.026523 0.999648 -0.000674 -0.033657 0.001252 0.000641 0.999999 -0.521476
0.999638 -0.026865 -0.001238 58.267201 0.026864 0.999639 -0.000683 -0.029505 0.001256 0.000650 0.999999 -0.523425
0.999606 -0.028032 -0.001250 58.631964 0.028031 0.999607 -0.000693 -0.019865 0.001269 0.000658 0.999999 -0.526474
0.999552 -0.029891 -0.001237 59.147749 0.029890 0.999553 -0.000711 -0.005768 0.001258 0.000674 0.999999 -0.530745
0.999502 -0.031539 -0.001257 59.498865 0.031538 0.999502 -0.000734 0.006505 0.001280 0.000694 0.999999 -0.533734
0.999481 -0.032192 -0.001277 59.767706 0.032191 0.999482 -0.000758 0.014983 0.001301 0.000716 0.999999 -0.535965
0.999421 -0.034008 -0.001276 60.348922 0.034007 0.999421 -0.000764 0.030361 0.001301 0.000720 0.999999 -0.540634
0.999358 -0.035817 -0.001278 60.603600 0.035817 0.999358 -0.000778 0.042206 0.001305 0.000731 0.999999 -0.542831
0.999350 -0.036025 -0.001284 60.964918 0.036024 0.999351 -0.000787 0.052352 0.001311 0.000740 0.999999 -0.545846
0.999292 -0.037604 -0.001296 61.560653 0.037603 0.999292 -0.000817 0.069843 0.001325 0.000768 0.999999 -0.550749
0.999243 -0.038878 -0.001304 61.838072 0.038877 0.999244 -0.000840 0.082685 0.001336 0.000788 0.999999 -0.553115
0.999160 -0.040965 -0.001313 62.156458 0.040964 0.999160 -0.000877 0.098987 0.001348 0.000823 0.999999 -0.555935
0.999124 -0.041835 -0.001307 62.593578 0.041834 0.999124 -0.000892 0.114901 0.001343 0.000837 0.999999 -0.559520
0.999046 -0.043650 -0.001324 63.082171 0.043649 0.999047 -0.000917 0.134085 0.001363 0.000858 0.999999 -0.563601
0.999021 -0.044217 -0.001323 63.476704 0.044216 0.999022 -0.000924 0.148484 0.001362 0.000865 0.999999 -0.566782
0.998968 -0.045409 -0.001316 63.938459 0.045408 0.998968 -0.000935 0.167587 0.001358 0.000874 0.999999 -0.570435
0.998866 -0.047584 -0.001327 64.345114 0.047583 0.998867 -0.000962 0.189272 0.001371 0.000898 0.999999 -0.573814
0.998737 -0.050229 -0.001345 64.765022 0.050227 0.998737 -0.000999 0.213847 0.001393 0.000930 0.999999 -0.577341
0.998633 -0.052250 -0.001356 65.244354 0.052249 0.998634 -0.001028 0.238420 0.001408 0.000956 0.999999 -0.581075
0.998554 -0.053749 -0.001349 65.568170 0.053748 0.998554 -0.001056 0.257187 0.001404 0.000982 0.999999 -0.583788
0.998490 -0.054927 -0.001339 65.894216 0.054926 0.998490 -0.001065 0.276328 0.001395 0.000990 0.999999 -0.586654
0.998412 -0.056312 -0.001352 66.324329 0.056310 0.998413 -0.001092 0.299381 0.001411 0.001014 0.999999 -0.590226
0.998329 -0.057776 -0.001349 66.810186 0.057775 0.998329 -0.001117 0.325897 0.001412 0.001037 0.999999 -0.594066
0.998338 -0.057609 -0.001360 67.125540 0.057608 0.998339 -0.001112 0.340090 0.001422 0.001031 0.999998 -0.596655
0.998390 -0.056708 -0.001373 67.609066 0.056707 0.998390 -0.001109 0.358629 0.001434 0.001030 0.999998 -0.600621
0.998419 -0.056199 -0.001386 68.037083 0.056198 0.998419 -0.001099 0.376302 0.001446 0.001019 0.999998 -0.603974
0.998632 -0.052263 -0.001417 68.433026 0.052262 0.998633 -0.001062 0.380037 0.001470 0.000986 0.999998 -0.607235
0.998662 -0.051693 -0.001430 68.872896 0.051692 0.998663 -0.001087 0.396570 0.001484 0.001012 0.999998 -0.610741
0.998666 -0.051611 -0.001444 69.219797 0.051610 0.998667 -0.001094 0.409572 0.001499 0.001018 0.999998 -0.613586
0.998767 -0.049621 -0.001473 69.589200 0.049619 0.998768 -0.001099 0.417316 0.001526 0.001025 0.999998 -0.616408
0.998812 -0.048702 -0.001475 69.997494 0.048700 0.998813 -0.001109 0.430595 0.001527 0.001035 0.999998 -0.619541
0.998818 -0.048579 -0.001492 70.177523 0.048577 0.998819 -0.001118 0.437669 0.001544 0.001045 0.999998 -0.620820
0.998895 -0.046985 -0.001497 70.642461 0.046983 0.998895 -0.001099 0.449633 0.001547 0.001027 0.999998 -0.624516
0.998956 -0.045652 -0.001508 71.034771 0.045651 0.998957 -0.001097 0.458137 0.001556 0.001027 0.999998 -0.627757
0.999097 -0.042450 -0.001555 71.424451 0.042448 0.999098 -0.001074 0.456238 0.001599 0.001007 0.999998 -0.630969
0.999078 -0.042906 -0.001568 71.657865 0.042904 0.999079 -0.001083 0.465698 0.001613 0.001015 0.999998 -0.632836
0.999124 -0.041815 -0.001579 72.149515 0.041814 0.999125 -0.001081 0.476626 0.001622 0.001014 0.999998 -0.636828
0.999138 -0.041487 -0.001578 72.348402 0.041485 0.999139 -0.001087 0.481909 0.001622 0.001021 0.999998 -0.638568
0.999160 -0.040955 -0.001598 72.812721 0.040953 0.999161 -0.001102 0.493311 0.001642 0.001035 0.999998 -0.642288
0.999209 -0.039723 -0.001611 73.327573 0.039721 0.999210 -0.001087 0.503594 0.001653 0.001022 0.999998 -0.646341
0.999191 -0.040183 -0.001617 73.563826 0.040181 0.999192 -0.001105 0.512453 0.001660 0.001039 0.999998 -0.648251
0.999243 -0.038872 -0.001654 73.932257 0.038870 0.999244 -0.001099 0.518669 0.001696 0.001034 0.999998 -0.651194
0.999294 -0.037541 -0.001667 74.402848 0.037539 0.999295 -0.001082 0.527271 0.001706 0.001019 0.999998 -0.655009
0.999307 -0.037179 -0.001669 74.604496 0.037178 0.999308 -0.001093 0.531957 0.001708 0.001030 0.999998 -0.656570
0.999337 -0.036377 -0.001674 74.893702 0.036375 0.999338 -0.001088 0.536328 0.001713 0.001026 0.999998 -0.659027
0.999378 -0.035225 -0.001677 75.379274 0.035223 0.999379 -0.001084 0.544188 0.001714 0.001024 0.999998 -0.662918
0.999350 -0.036003 -0.001676 75.612355 0.036002 0.999351 -0.001101 0.552249 0.001715 0.001040 0.999998 -0.664808
0.999372 -0.035382 -0.001685 75.804838 0.035380 0.999373 -0.001100 0.555108 0.001722 0.001040 0.999998 -0.666458
0.999419 -0.034057 -0.001681 76.262545 0.034056 0.999419 -0.001086 0.561565 0.001717 0.001028 0.999998 -0.670115
0.999408 -0.034366 -0.001686 76.419840 0.034364 0.999409 -0.001105 0.566036 0.001723 0.001046 0.999998 -0.671582
0.999392 -0.034827 -0.001717 76.675979 0.034825 0.999393 -0.001116 0.573864 0.001755 0.001056 0.999998 -0.673616
0.999371 -0.035432 -0.001724 77.067128 0.035430 0.999372 -0.001124 0.583742 0.001762 0.001063 0.999998 -0.676730
0.999352 -0.035941 -0.001729 77.269869 0.035939 0.999353 -0.001128 0.590800 0.001768 0.001065 0.999998 -0.678227
0.999384 -0.035051 -0.001753 77.544169 0.035049 0.999385 -0.001134 0.597124 0.001792 0.001072 0.999998 -0.680578
0.999427 -0.033795 -0.001772 77.986418 0.033793 0.999428 -0.001134 0.602347 0.001810 0.001074 0.999998 -0.684184
0.999415 -0.034168 -0.001758 78.172302 0.034166 0.999416 -0.001132 0.607675 0.001796 0.001071 0.999998 -0.685687
0.999393 -0.034787 -0.001757 78.402758 0.034785 0.999394 -0.001128 0.614766 0.001795 0.001066 0.999998 -0.687659
0.999407 -0.034400 -0.001760 78.763029 0.034398 0.999408 -0.001125 0.621354 0.001797 0.001064 0.999998 -0.690566
0.999429 -0.033755 -0.001745 78.941582 0.033753 0.999430 -0.001109 0.622569 0.001782 0.001050 0.999998 -0.692094
0.999436 -0.033538 -0.001738 79.189782 0.033536 0.999437 -0.001094 0.627929 0.001774 0.001035 0.999998 -0.694204
0.999470 -0.032508 -0.001747 79.528969 0.032506 0.999471 -0.001089 0.632873 0.001782 0.001031 0.999998 -0.696974
0.999455 -0.032956 -0.001742 79.681988 0.032954 0.999456 -0.001084 0.637800 0.001777 0.001026 0.999998 -0.698119
0.999409 -0.034333 -0.001739 79.934169 0.034332 0.999410 -0.001095 0.648583 0.001776 0.001035 0.999998 -0.700326
0.999440 -0.033418 -0.001762 80.240555 0.033416 0.999441 -0.001094 0.653475 0.001797 0.001035 0.999998 -0.702795
0.999424 -0.033898 -0.001753 80.378910 0.033896 0.999425 -0.001087 0.658491 0.001789 0.001027 0.999998 -0.703933
0.999433 -0.033638 -0.001766 80.641681 0.033636 0.999434 -0.001083 0.664542 0.001802 0.001023 0.999998 -0.706126
0.999444 -0.033294 -0.001785 81.029556 0.033292 0.999445 -0.001087 0.670507 0.001820 0.001027 0.999998 -0.709322
0.999438 -0.033470 -0.001780 81.172869 0.033468 0.999439 -0.001085 0.674546 0.001815 0.001025 0.999998 -0.710474
0.999430 -0.033723 -0.001787 81.424025 0.033722 0.999431 -0.001092 0.681399 0.001822 0.001031 0.999998 -0.712635
0.999409 -0.034344 -0.001785 81.695316 0.034342 0.999410 -0.001107 0.689415 0.001822 0.001045 0.999998 -0.714915
0.999323 -0.036747 -0.001787 81.944416 0.036745 0.999324 -0.001125 0.703722 0.001827 0.001058 0.999998 -0.717043
0.999275 -0.038022 -0.001794 82.129732 0.038020 0.999277 -0.001140 0.712748 0.001836 0.001071 0.999998 -0.718557
0.999059 -0.043346 -0.001753 82.448875 0.043344 0.999060 -0.001200 0.739059 0.001804 0.001122 0.999998 -0.721444
0.998983 -0.045064 -0.001755 82.637578 0.045062 0.998984 -0.001223 0.752290 0.001808 0.001143 0.999998 -0.722983
0.998868 -0.047529 -0.001757 82.862681 0.047527 0.998869 -0.001243 0.769332 0.001814 0.001158 0.999998 -0.724876
0.998610 -0.052685 -0.001742 83.117443 0.052682 0.998611 -0.001304 0.793352 0.001809 0.001211 0.999998 -0.727301
0.998445 -0.055716 -0.001744 83.320377 0.055714 0.998446 -0.001345 0.812463 0.001816 0.001245 0.999998 -0.729087
0.998307 -0.058146 -0.001770 83.496386 0.058143 0.998308 -0.001367 0.829225 0.001847 0.001262 0.999998 -0.730484
0.998054 -0.062337 -0.001770 83.773512 0.062334 0.998055 -0.001429 0.857569 0.001856 0.001316 0.999997 -0.732972
0.997752 -0.066988 -0.001770 83.981503 0.066986 0.997753 -0.001483 0.882228 0.001865 0.001362 0.999997 -0.734712
0.997423 -0.071730 -0.001749 84.211063 0.071728 0.997423 -0.001527 0.910010 0.001854 0.001398 0.999997 -0.736599
0.996980 -0.077641 -0.001753 84.399141 0.077638 0.996981 -0.001585 0.938630 0.001871 0.001444 0.999997 -0.738083
0.996427 -0.084447 -0.001729 84.671159 0.084444 0.996427 -0.001663 0.980137 0.001863 0.001511 0.999997 -0.740631
0.995984 -0.089521 -0.001704 84.858163 0.089518 0.995984 -0.001722 1.009666 0.001851 0.001563 0.999997 -0.742370
0.995069 -0.099177 -0.001668 85.165372 0.099174 0.995069 -0.001787 1.067869 0.001837 0.001612 0.999997 -0.745158
0.994378 -0.105882 -0.001645 85.317457 0.105878 0.994378 -0.001840 1.105238 0.001831 0.001656 0.999997 -0.746236
0.993439 -0.114356 -0.001675 85.571466 0.114353 0.993439 -0.001936 1.161080 0.001885 0.001732 0.999997 -0.748418
0.993048 -0.117703 -0.001671 85.714431 0.117700 0.993048 -0.001966 1.186375 0.001891 0.001756 0.999997 -0.749488
0.992122 -0.125265 -0.001661 85.871045 0.125261 0.992122 -0.002062 1.228638 0.001906 0.001838 0.999997 -0.750732
0.990599 -0.136790 -0.001651 86.148540 0.136786 0.990599 -0.002191 1.300454 0.001935 0.001945 0.999996 -0.753237
0.989729 -0.142947 -0.001632 86.297900 0.142943 0.989729 -0.002257 1.339418 0.001938 0.002000 0.999996 -0.754375
0.988597 -0.150579 -0.001632 86.493944 0.150575 0.988596 -0.002340 1.394680 0.001965 0.002067 0.999996 -0.755940
0.986869 -0.161517 -0.001595 86.798119 0.161513 0.986868 -0.002437 1.477896 0.001968 0.002147 0.999996 -0.758634
0.986356 -0.164619 -0.001618 86.938403 0.164615 0.986355 -0.002469 1.509749 0.002002 0.002169 0.999996 -0.759848
0.985277 -0.170958 -0.001597 87.113661 0.170954 0.985276 -0.002531 1.558999 0.002006 0.002221 0.999996 -0.761113
0.983570 -0.180519 -0.001617 87.337062 0.180514 0.983569 -0.002664 1.628973 0.002071 0.002328 0.999995 -0.763043
0.982478 -0.186371 -0.001616 87.465095 0.186366 0.982477 -0.002718 1.671506 0.002094 0.002369 0.999995 -0.763920
0.981139 -0.193297 -0.001620 87.576780 0.193292 0.981138 -0.002782 1.716893 0.002127 0.002417 0.999995 -0.764437
0.979229 -0.202751 -0.001590 87.820544 0.202746 0.979227 -0.002883 1.796180 0.002141 0.002501 0.999995 -0.766498
0.978895 -0.204360 -0.001602 87.975142 0.204355 0.978893 -0.002898 1.832731 0.002160 0.002510 0.999995 -0.767832
0.976865 -0.213854 -0.001557 88.160281 0.213848 0.976863 -0.003004 1.906913 0.002163 0.002601 0.999994 -0.769308
0.975089 -0.221808 -0.001565 88.461960 0.221802 0.975087 -0.003091 1.997590 0.002212 0.002667 0.999994 -0.771887
0.974103 -0.226102 -0.001586 88.630915 0.226096 0.974100 -0.003144 2.047131 0.002256 0.002704 0.999994 -0.773234
0.972144 -0.234380 -0.001568 88.808454 0.234374 0.972142 -0.003249 2.117159 0.002286 0.002791 0.999994 -0.774551
0.970123 -0.242609 -0.001533 89.041391 0.242603 0.970120 -0.003313 2.201019 0.002291 0.002842 0.999993 -0.776370
0.968723 -0.248141 -0.001514 89.175150 0.248135 0.968720 -0.003367 2.251305 0.002302 0.002886 0.999993 -0.777249
0.967040 -0.254619 -0.001495 89.275575 0.254613 0.967037 -0.003431 2.298981 0.002319 0.002937 0.999993 -0.777976
0.963458 -0.267856 -0.001382 89.494039 0.267850 0.963454 -0.003560 2.398821 0.002285 0.003060 0.999993 -0.779647
0.960865 -0.277015 -0.001396 89.634273 0.277008 0.960861 -0.003697 2.471841 0.002366 0.003166 0.999992 -0.780695
0.958230 -0.285996 -0.001369 89.817370 0.285989 0.958226 -0.003795 2.558456 0.002397 0.003245 0.999992 -0.782220
0.951671 -0.307117 -0.001329 90.072796 0.307110 0.951666 -0.004031 2.713715 0.002502 0.003428 0.999991 -0.784205
0.948338 -0.317259 -0.001286 90.216799 0.317251 0.948333 -0.004144 2.798965 0.002535 0.003522 0.999991 -0.785197
0.944240 -0.329257 -0.001239 90.368586 0.329249 0.944234 -0.004280 2.897972 0.002579 0.003633 0.999990 -0.786247
0.939855 -0.341572 -0.001159 90.513527 0.341564 0.939848 -0.004436 2.994552 0.002605 0.003773 0.999990 -0.787122
0.931959 -0.362563 -0.001028 90.719009 0.362554 0.931951 -0.004691 3.147625 0.002658 0.003999 0.999989 -0.788449
0.924152 -0.382025 -0.000982 90.956023 0.382016 0.924143 -0.004971 3.306763 0.002807 0.004219 0.999987 -0.790361
0.916870 -0.399184 -0.000964 91.133996 0.399174 0.916861 -0.005241 3.444727 0.002976 0.004421 0.999986 -0.791514
0.908261 -0.418404 -0.000879 91.376455 0.418394 0.908250 -0.005477 3.626043 0.003090 0.004607 0.999985 -0.793213
0.899492 -0.436938 -0.000774 91.549043 0.436927 0.899480 -0.005657 3.780046 0.003168 0.004751 0.999984 -0.794419
0.889015 -0.457878 -0.000634 91.725216 0.457867 0.889002 -0.005853 3.948778 0.003244 0.004913 0.999983 -0.795621
0.877723 -0.479169 -0.000421 91.912612 0.479159 0.877708 -0.006036 4.132910 0.003262 0.005096 0.999982 -0.796911
0.867846 -0.496834 -0.000290 92.060945 0.496823 0.867830 -0.006263 4.286826 0.003364 0.005291 0.999981 -0.798068
0.853086 -0.521771 -0.000099 92.212171 0.521760 0.853068 -0.006520 4.487159 0.003486 0.005510 0.999979 -0.798644
0.839887 -0.542762 0.000044 92.387579 0.542750 0.839867 -0.006817 4.686679 0.003663 0.005750 0.999977 -0.799898
0.825972 -0.563712 0.000281 92.512505 0.563700 0.825950 -0.007017 4.864772 0.003723 0.005954 0.999976 -0.800515
0.812805 -0.582536 0.000481 92.665195 0.582524 0.812782 -0.007229 5.056394 0.003820 0.006156 0.999974 -0.801330
0.797660 -0.603108 0.000680 92.843734 0.603095 0.797634 -0.007504 5.287290 0.003984 0.006396 0.999972 -0.802499
0.782570 -0.622562 0.000894 92.989473 0.622549 0.782543 -0.007739 5.495426 0.004118 0.006613 0.999970 -0.803375
0.768119 -0.640306 0.001102 93.136037 0.640293 0.768090 -0.007958 5.705032 0.004249 0.006818 0.999968 -0.804430
0.752489 -0.658604 0.001277 93.285188 0.658591 0.752458 -0.008166 5.935838 0.004417 0.006986 0.999966 -0.805643
0.732144 -0.681149 0.001400 93.427743 0.681134 0.732111 -0.008472 6.193680 0.004746 0.007156 0.999963 -0.806433
0.706652 -0.707560 0.001672 93.531846 0.707545 0.706617 -0.008561 6.461105 0.004876 0.007233 0.999962 -0.806338
0.678211 -0.734865 0.002174 93.629581 0.734851 0.678173 -0.008706 6.752899 0.004924 0.007502 0.999960 -0.806291
0.657941 -0.753067 0.002364 93.731916 0.753052 0.657900 -0.008979 6.998943 0.005207 0.007688 0.999957 -0.806691
0.638722 -0.769433 0.002593 93.803829 0.769419 0.638679 -0.009237 7.205779 0.005452 0.007895 0.999954 -0.806699
0.616771 -0.787138 0.002805 93.886042 0.787123 0.616725 -0.009411 7.450209 0.005678 0.008012 0.999952 -0.806509
0.589817 -0.807531 0.002995 93.952963 0.807515 0.589770 -0.009533 7.721302 0.005932 0.008042 0.999950 -0.806297
0.561580 -0.827416 0.003317 94.006953 0.827401 0.561532 -0.009497 7.984535 0.005995 0.008077 0.999950 -0.805982
0.529238 -0.848465 0.003797 94.076429 0.848449 0.529183 -0.010004 8.317564 0.006479 0.008516 0.999943 -0.805615
0.504919 -0.863157 0.004035 94.105514 0.863141 0.504862 -0.010106 8.544069 0.006686 0.008586 0.999941 -0.805029
0.472090 -0.881539 0.004483 94.127906 0.881523 0.472029 -0.010326 8.835306 0.006987 0.008827 0.999937 -0.804312
0.458111 -0.888883 0.004629 94.151858 0.888867 0.458049 -0.010416 8.983294 0.007139 0.008887 0.999935 -0.803790
0.436148 -0.899862 0.004939 94.177460 0.899846 0.436083 -0.010507 9.212965 0.007301 0.009027 0.999933 -0.803214
0.406208 -0.913766 0.005217 94.180452 0.913750 0.406140 -0.010629 9.448713 0.007594 0.009084 0.999930 -0.802092
0.390971 -0.920387 0.005427 94.192627 0.920371 0.390902 -0.010633 9.599668 0.007665 0.009152 0.999929 -0.802101
0.376932 -0.926224 0.005601 94.204993 0.926209 0.376861 -0.010656 9.755029 0.007759 0.009204 0.999928 -0.801628
0.350661 -0.936485 0.005843 94.201917 0.936468 0.350588 -0.010793 9.992125 0.008059 0.009257 0.999925 -0.800760
0.338676 -0.940885 0.005966 94.204425 0.940868 0.338602 -0.010812 10.119868 0.008153 0.009275 0.999924 -0.800513
0.317864 -0.948116 0.006210 94.185648 0.948100 0.317788 -0.010845 10.277848 0.008309 0.009335 0.999922 -0.799975
0.295500 -0.955321 0.006493 94.161571 0.955305 0.295421 -0.010950 10.460278 0.008542 0.009438 0.999919 -0.798748
0.285359 -0.958398 0.006629 94.186532 0.958383 0.285279 -0.010930 10.638061 0.008584 0.009472 0.999919 -0.798634
0.272900 -0.962019 0.006775 94.179787 0.962003 0.272818 -0.011000 10.767649 0.008734 0.009519 0.999917 -0.798134
0.255661 -0.966742 0.006985 94.166901 0.966726 0.255577 -0.011032 10.923293 0.008880 0.009573 0.999915 -0.797706
0.246131 -0.969211 0.007078 94.170668 0.969195 0.246047 -0.011080 11.062863 0.008997 0.009587 0.999914 -0.797506
0.232528 -0.972563 0.007223 94.154893 0.972547 0.232442 -0.011066 11.189132 0.009084 0.009598 0.999913 -0.796848
0.219818 -0.975513 0.007381 94.156121 0.975499 0.219732 -0.010992 11.353826 0.009100 0.009617 0.999913 -0.796419
0.208535 -0.977986 0.007499 94.143708 0.977972 0.208448 -0.011020 11.472519 0.009214 0.009632 0.999911 -0.796075
0.199868 -0.979794 0.007577 94.135356 0.979779 0.199779 -0.011067 11.577453 0.009330 0.009636 0.999910 -0.795606
0.184066 -0.982884 0.007732 94.105787 0.982868 0.183977 -0.011087 11.715876 0.009474 0.009640 0.999909 -0.794555
0.175765 -0.984401 0.007799 94.096731 0.984386 0.175674 -0.011139 11.825829 0.009595 0.009635 0.999908 -0.794226
0.164629 -0.986324 0.007922 94.077316 0.986308 0.164537 -0.011192 11.945659 0.009736 0.009656 0.999906 -0.793842
0.151808 -0.988377 0.008055 94.051998 0.988361 0.151715 -0.011188 12.067233 0.009836 0.009660 0.999905 -0.792956
0.143186 -0.989663 0.008135 94.037188 0.989646 0.143092 -0.011237 12.168848 0.009956 0.009660 0.999904 -0.792591
0.135519 -0.990741 0.008198 94.029081 0.990724 0.135424 -0.011272 12.273064 0.010057 0.009649 0.999903 -0.792157
0.125102 -0.992109 0.008304 94.009403 0.992092 0.125006 -0.011243 12.378343 0.010117 0.009644 0.999903 -0.791590
0.117480 -0.993040 0.008369 93.996497 0.993023 0.117383 -0.011273 12.480076 0.010212 0.009635 0.999902 -0.791302
0.106837 -0.994240 0.008500 93.984429 0.994223 0.106739 -0.011288 12.655061 0.010316 0.009656 0.999901 -0.790416
0.098479 -0.995102 0.008589 93.967644 0.995085 0.098380 -0.011306 12.757495 0.010405 0.009660 0.999900 -0.789869
0.090104 -0.995895 0.008650 93.950054 0.995877 0.090004 -0.011326 12.865509 0.010501 0.009635 0.999899 -0.789486
0.080181 -0.996742 0.008776 93.925636 0.996723 0.080079 -0.011406 12.969137 0.010666 0.009662 0.999897 -0.788878
0.073211 -0.997278 0.008835 93.912841 0.997259 0.073109 -0.011424 13.073800 0.010747 0.009647 0.999896 -0.788338
0.068510 -0.997611 0.008867 93.904107 0.997592 0.068407 -0.011409 13.168146 0.010775 0.009627 0.999896 -0.787950
0.058981 -0.998219 0.008952 93.877427 0.998200 0.058878 -0.011404 13.274475 0.010856 0.009609 0.999895 -0.787470
0.053278 -0.998540 0.008968 93.867457 0.998521 0.053175 -0.011386 13.395381 0.010893 0.009561 0.999895 -0.787190
0.044589 -0.998965 0.009048 93.842861 0.998945 0.044485 -0.011390 13.529220 0.010975 0.009547 0.999895 -0.786816
0.037478 -0.999256 0.009107 93.824475 0.999237 0.037374 -0.011378 13.636124 0.011029 0.009526 0.999894 -0.786539
0.032866 -0.999418 0.009133 93.814158 0.999399 0.032762 -0.011362 13.730036 0.011056 0.009500 0.999894 -0.786299
0.026181 -0.999615 0.009173 93.796420 0.999596 0.026077 -0.011340 13.836139 0.011096 0.009466 0.999894 -0.785912
0.017394 -0.999806 0.009241 93.768965 0.999787 0.017290 -0.011325 13.969025 0.011163 0.009436 0.999894 -0.785288
0.013408 -0.999867 0.009263 93.759125 0.999848 0.013303 -0.011316 14.075755 0.011192 0.009414 0.999893 -0.784948
0.006734 -0.999934 0.009322 93.740576 0.999914 0.006628 -0.011320 14.176379 0.011257 0.009397 0.999893 -0.784512
0.002629 -0.999953 0.009346 93.730021 0.999933 0.002524 -0.011274 14.259454 0.011250 0.009375 0.999893 -0.784273
-0.002795 -0.999952 0.009380 93.714520 0.999932 -0.002900 -0.011268 14.363054 0.011294 0.009348 0.999893 -0.784039
-0.005074 -0.999943 0.009397 93.709876 0.999923 -0.005180 -0.011291 14.475904 0.011339 0.009339 0.999892 -0.784035
-0.011711 -0.999887 0.009443 93.688222 0.999867 -0.011817 -0.011261 14.571147 0.011372 0.009310 0.999892 -0.783735
-0.015244 -0.999839 0.009458 93.676157 0.999819 -0.015350 -0.011251 14.674898 0.011394 0.009284 0.999892 -0.783397
-0.021311 -0.999728 0.009504 93.656143 0.999707 -0.021418 -0.011247 14.775468 0.011448 0.009261 0.999892 -0.783000
-0.023286 -0.999683 0.009531 93.648059 0.999663 -0.023393 -0.011256 14.874237 0.011476 0.009266 0.999892 -0.782847
