1.000000 0.000000 0.000000 0.000000 0.000000 1.000000 0.000000 0.000000 0.000000 0.000000 1.000000 0.000000
0.999856 -0.016991 -0.000009 0.190981 0.016991 0.999856 -0.000207 0.057087 0.000012 0.000207 1.000000 -0.001178
0.999090 -0.042661 0.000040 0.399103 0.042661 0.999089 -0.000488 0.141673 -0.000019 0.000490 1.000000 -0.003111
0.998698 -0.051014 0.000021 0.510925 0.051014 0.998698 -0.000575 0.175486 0.000008 0.000576 1.000000 -0.003831
0.997612 -0.069070 0.000054 0.666020 0.069070 0.997612 -0.000779 0.238600 0.000000 0.000781 1.000000 -0.005427
0.995436 -0.095436 0.000027 0.857267 0.095436 0.995435 -0.001102 0.332153 0.000078 0.001099 0.999999 -0.006970
0.993397 -0.114730 0.000089 1.016821 0.114730 0.993396 -0.001315 0.410884 0.000063 0.001316 0.999999 -0.008222
0.990833 -0.135089 0.000159 1.139245 0.135089 0.990832 -0.001506 0.491699 0.000046 0.001514 0.999999 -0.009259
0.985352 -0.170535 0.000238 1.338991 0.170535 0.985350 -0.001883 0.643235 0.000086 0.001896 0.999998 -0.009928
0.982451 -0.186523 0.000285 1.468953 0.186523 0.982449 -0.002076 0.719444 0.000107 0.002092 0.999998 -0.010962
0.977179 -0.212418 0.000363 1.651900 0.212419 0.977176 -0.002389 0.840114 0.000153 0.002412 0.999997 -0.012685
0.966361 -0.257187 0.000739 1.887481 0.257188 0.966358 -0.002739 1.050131 -0.000010 0.002837 0.999996 -0.014097
0.957681 -0.287832 0.000758 2.069562 0.287833 0.957676 -0.003045 1.208495 0.000151 0.003134 0.999995 -0.015352
0.950237 -0.311526 0.000879 2.173782 0.311527 0.950232 -0.003334 1.326902 0.000203 0.003441 0.999994 -0.016365
0.936501 -0.350663 0.001068 2.365661 0.350665 0.936494 -0.003657 1.531259 0.000282 0.003799 0.999993 -0.017686
0.931599 -0.363485 0.001180 2.461993 0.363487 0.931592 -0.003790 1.614834 0.000278 0.003959 0.999992 -0.018680
0.920350 -0.391093 0.001332 2.619390 0.391095 0.920341 -0.004084 1.784986 0.000372 0.004279 0.999991 -0.020139
0.903217 -0.429181 0.001603 2.811057 0.429184 0.903206 -0.004454 2.025841 0.000464 0.004711 0.999989 -0.021567
0.893217 -0.449623 0.001681 2.940316 0.449626 0.893204 -0.004750 2.173393 0.000634 0.004998 0.999987 -0.022721
0.878331 -0.478049 0.001861 3.082292 0.478052 0.878317 -0.004957 2.369746 0.000735 0.005244 0.999986 -0.024068
0.861576 -0.507625 0.001994 3.253893 0.507628 0.861561 -0.005103 2.602580 0.000873 0.005408 0.999985 -0.025934
0.852919 -0.522038 0.002117 3.351718 0.522042 0.852904 -0.005261 2.723917 0.000941 0.005592 0.999984 -0.026540
0.840006 -0.542572 0.002287 3.488674 0.542576 0.839989 -0.005488 2.905979 0.001056 0.005851 0.999982 -0.027622
0.820270 -0.571970 0.002591 3.646452 0.571975 0.820252 -0.005635 3.149237 0.001098 0.006104 0.999981 -0.028924
0.809823 -0.586667 0.002733 3.722195 0.586673 0.809804 -0.005756 3.268689 0.001164 0.006265 0.999979 -0.029725
0.794447 -0.607326 0.002944 3.846228 0.607332 0.794425 -0.006042 3.459047 0.001330 0.006588 0.999977 -0.030759
0.777091 -0.629380 0.003117 3.974472 0.629386 0.777067 -0.006350 3.673930 0.001575 0.006896 0.999975 -0.031983
0.767702 -0.640799 0.003270 4.047782 0.640805 0.767677 -0.006423 3.793954 0.001605 0.007027 0.999974 -0.032548
0.751341 -0.659904 0.003493 4.150422 0.659911 0.751314 -0.006628 3.986053 0.001749 0.007285 0.999972 -0.033237
0.735774 -0.677217 0.003710 4.238487 0.677224 0.735745 -0.006802 4.164863 0.001877 0.007517 0.999970 -0.034031
0.722826 -0.691019 0.003870 4.319329 0.691027 0.722796 -0.006929 4.317696 0.001990 0.007683 0.999968 -0.035062
0.714876 -0.699239 0.003969 4.455628 0.699248 0.714845 -0.006995 4.494623 0.002054 0.007776 0.999967 -0.036585
0.704279 -0.709912 0.004087 4.613545 0.709920 0.704246 -0.007062 4.708837 0.002136 0.007875 0.999966 -0.038421
0.693158 -0.720773 0.004206 4.716953 0.720782 0.693124 -0.007185 4.876959 0.002263 0.008012 0.999965 -0.039376
0.687264 -0.726395 0.004227 4.898084 0.726403 0.687230 -0.007264 5.097619 0.002372 0.008063 0.999964 -0.041423
0.677645 -0.735376 0.004357 5.044448 0.735385 0.677610 -0.007309 5.310034 0.002422 0.008157 0.999964 -0.042939
0.669168 -0.743098 0.004470 5.155071 0.743107 0.669132 -0.007396 5.480506 0.002505 0.008271 0.999962 -0.043990
0.659134 -0.752011 0.004609 5.310567 0.752021 0.659097 -0.007405 5.710368 0.002530 0.008347 0.999962 -0.045651
0.652475 -0.757796 0.004692 5.470928 0.757806 0.652438 -0.007435 5.929820 0.002573 0.008407 0.999961 -0.047541
0.651567 -0.758576 0.004704 5.618385 0.758587 0.651530 -0.007447 6.102890 0.002585 0.008421 0.999961 -0.049131
0.646060 -0.763271 0.004782 5.792117 0.763282 0.646022 -0.007474 6.335391 0.002615 0.008479 0.999960 -0.051393
0.644228 -0.764818 0.004806 5.936041 0.764829 0.644190 -0.007491 6.513640 0.002633 0.008502 0.999960 -0.053074
0.635471 -0.772109 0.004855 6.155056 0.772120 0.635432 -0.007541 6.824648 0.002737 0.008541 0.999960 -0.055826
0.626343 -0.779532 0.004951 6.318958 0.779542 0.626303 -0.007602 7.081109 0.002825 0.008621 0.999959 -0.057962
0.624525 -0.780989 0.004946 6.482297 0.781000 0.624485 -0.007639 7.292739 0.002877 0.008633 0.999958 -0.059866
0.611446 -0.791270 0.005095 6.607771 0.791281 0.611404 -0.007724 7.534072 0.002997 0.008754 0.999957 -0.061521
0.595878 -0.803058 0.005284 6.727028 0.803069 0.595835 -0.007815 7.783480 0.003128 0.008900 0.999955 -0.063210
0.587249 -0.809388 0.005358 6.853163 0.809400 0.587205 -0.007890 8.007666 0.003240 0.008970 0.999954 -0.064702
0.570405 -0.821345 0.005522 6.934716 0.821356 0.570359 -0.008029 8.230600 0.003445 0.009116 0.999952 -0.065634
0.555835 -0.831273 0.005693 7.061213 0.831285 0.555788 -0.008051 8.510575 0.003528 0.009207 0.999951 -0.067393
0.547467 -0.836808 0.005756 7.211653 0.836819 0.547419 -0.008122 8.790888 0.003645 0.009263 0.999950 -0.069217
0.539633 -0.841880 0.005849 7.363991 0.841892 0.539584 -0.008198 9.074849 0.003746 0.009348 0.999949 -0.071254
0.525277 -0.850910 0.006022 7.499681 0.850922 0.525226 -0.008272 9.379425 0.003876 0.009469 0.999947 -0.073223
0.520354 -0.853929 0.006058 7.637980 0.853942 0.520303 -0.008299 9.625939 0.003935 0.009492 0.999947 -0.075092
0.511011 -0.859552 0.006161 7.780747 0.859565 0.510958 -0.008392 9.922531 0.004066 0.009584 0.999946 -0.077023
0.497988 -0.867161 0.006309 7.935857 0.867174 0.497933 -0.008526 10.267841 0.004252 0.009717 0.999943 -0.079202
0.489740 -0.871845 0.006387 8.060312 0.871858 0.489684 -0.008597 10.541326 0.004368 0.009779 0.999942 -0.080734
0.480422 -0.877013 0.006483 8.200064 0.877026 0.480365 -0.008664 10.862028 0.004484 0.009848 0.999941 -0.082666
0.466176 -0.884667 0.006644 8.323636 0.884680 0.466117 -0.008742 11.190635 0.004637 0.009953 0.999939 -0.084237
0.458115 -0.888867 0.006717 8.454582 0.888880 0.458055 -0.008804 11.496591 0.004749 0.010004 0.999938 -0.085912
0.448714 -0.893650 0.006785 8.604206 0.893663 0.448653 -0.008853 11.854185 0.004867 0.010036 0.999937 -0.087959
0.434742 -0.900528 0.006950 8.697514 0.900541 0.434679 -0.008932 12.153005 0.005023 0.010142 0.999936 -0.089310
0.425855 -0.904764 0.007034 8.794476 0.904777 0.425791 -0.008995 12.424497 0.005144 0.010195 0.999934 -0.090577
0.415411 -0.909606 0.007159 8.899093 0.909619 0.415345 -0.009028 12.737638 0.005239 0.010262 0.999933 -0.091894
0.399254 -0.916811 0.007353 8.996148 0.916825 0.399187 -0.009067 13.083971 0.005377 0.010361 0.999931 -0.093231
0.393462 -0.919311 0.007384 9.092459 0.919325 0.393395 -0.009113 13.348975 0.005472 0.010374 0.999931 -0.094647
0.380890 -0.924590 0.007538 9.180883 0.924604 0.380821 -0.009145 13.667525 0.005585 0.010452 0.999929 -0.095817
0.360098 -0.932882 0.007726 9.267637 0.932896 0.360026 -0.009293 14.065744 0.005888 0.010554 0.999927 -0.096860
0.348279 -0.937358 0.007849 9.351058 0.937372 0.348206 -0.009296 14.390359 0.005981 0.010595 0.999926 -0.097957
0.334544 -0.942346 0.007973 9.450879 0.942360 0.334470 -0.009344 14.784717 0.006139 0.010639 0.999924 -0.099341
0.318976 -0.947728 0.008107 9.533978 0.947742 0.318901 -0.009314 15.172905 0.006241 0.010655 0.999923 -0.100255
0.311819 -0.950106 0.008160 9.605179 0.950120 0.311743 -0.009357 15.453297 0.006346 0.010670 0.999923 -0.100975
0.302967 -0.952965 0.008254 9.695131 0.952979 0.302891 -0.009387 15.818034 0.006446 0.010710 0.999922 -0.102300
0.286186 -0.958137 0.008439 9.746859 0.958151 0.286107 -0.009431 16.172618 0.006622 0.010785 0.999920 -0.103115
0.279334 -0.960156 0.008511 9.807117 0.960171 0.279254 -0.009464 16.443498 0.006710 0.010816 0.999919 -0.103843
0.270209 -0.962763 0.008586 9.884894 0.962777 0.270128 -0.009510 16.825220 0.006836 0.010836 0.999918 -0.104978
0.259041 -0.965827 0.008687 9.962847 0.965841 0.258959 -0.009523 17.240161 0.006948 0.010857 0.999917 -0.106085
0.252993 -0.967428 0.008736 10.032361 0.967442 0.252911 -0.009565 17.560007 0.007044 0.010871 0.999916 -0.107062
0.237442 -0.971361 0.008906 10.073476 0.971375 0.237357 -0.009625 17.914366 0.007235 0.010937 0.999914 -0.107644
0.225827 -0.974125 0.009031 10.125252 0.974140 0.225741 -0.009643 18.275544 0.007355 0.010975 0.999912 -0.108426
0.221534 -0.975110 0.009070 10.195455 0.975124 0.221447 -0.009680 18.621849 0.007430 0.010989 0.999912 -0.109255
0.213638 -0.976870 0.009157 10.245754 0.976884 0.213550 -0.009716 18.949497 0.007535 0.011021 0.999910 -0.110127
0.205037 -0.978711 0.009224 10.314323 0.978724 0.204947 -0.009760 19.381686 0.007661 0.011028 0.999909 -0.111112
0.201799 -0.979383 0.009261 10.374631 0.979397 0.201709 -0.009769 19.700343 0.007700 0.011042 0.999909 -0.112023
0.192550 -0.981243 0.009328 10.427145 0.981256 0.192459 -0.009798 20.100142 0.007819 0.011040 0.999908 -0.112942
0.186327 -0.982443 0.009361 10.489902 0.982456 0.186236 -0.009807 20.504150 0.007891 0.011024 0.999908 -0.114118
0.183274 -0.983017 0.009368 10.557309 0.983030 0.183182 -0.009824 20.895144 0.007941 0.011009 0.999907 -0.115112
0.179466 -0.983719 0.009377 10.616612 0.983732 0.179375 -0.009822 21.277297 0.007980 0.010987 0.999907 -0.116067
0.173607 -0.984770 0.009425 10.696858 0.984782 0.173515 -0.009856 21.768712 0.008071 0.010992 0.999907 -0.116869
0.171324 -0.985169 0.009444 10.761746 0.985181 0.171231 -0.009888 22.158132 0.008124 0.010998 0.999906 -0.117469
0.165692 -0.986132 0.009491 10.832753 0.986144 0.165598 -0.009913 22.653044 0.008204 0.011002 0.999905 -0.118167
0.163626 -0.986477 0.009512 10.888704 0.986488 0.163532 -0.009953 23.009999 0.008263 0.011012 0.999905 -0.118715
0.159891 -0.987088 0.009549 10.955561 0.987100 0.159796 -0.009978 23.475243 0.008323 0.011021 0.999904 -0.119389
0.157307 -0.987503 0.009588 11.009301 0.987514 0.157212 -0.009994 23.836766 0.008362 0.011041 0.999904 -0.120113
0.154422 -0.987958 0.009598 11.088700 0.987969 0.154327 -0.010033 24.364060 0.008431 0.011032 0.999903 -0.120488
0.152429 -0.988267 0.009623 11.139044 0.988278 0.152333 -0.010040 24.714868 0.008456 0.011041 0.999903 -0.120987
0.148345 -0.988888 0.009654 11.205599 0.988899 0.148248 -0.010041 25.221690 0.008499 0.011036 0.999903 -0.121525
0.145197 -0.989355 0.009688 11.278911 0.989366 0.145099 -0.010105 25.746428 0.008592 0.011052 0.999902 -0.121925
0.143388 -0.989619 0.009717 11.339862 0.989629 0.143290 -0.010106 26.168280 0.008609 0.011065 0.999901 -0.122435
0.139825 -0.990128 0.009747 11.412316 0.990139 0.139727 -0.010107 26.723346 0.008645 0.011064 0.999901 -0.122834
0.134747 -0.990832 0.009804 11.481384 0.990842 0.134648 -0.010118 27.305443 0.008705 0.011078 0.999900 -0.123331
0.133634 -0.990982 0.009832 11.521048 0.990993 0.133535 -0.010128 27.602930 0.008724 0.011096 0.999900 -0.123653
0.130322 -0.991423 0.009875 11.618542 0.991433 0.130222 -0.010157 28.346466 0.008784 0.011115 0.999899 -0.124204
0.127506 -0.991788 0.009899 11.716747 0.991799 0.127406 -0.010165 29.087911 0.008820 0.011114 0.999899 -0.124769
0.125304 -0.992069 0.009923 11.764378 0.992079 0.125203 -0.010192 29.493440 0.008868 0.011121 0.999898 -0.124925
0.122841 -0.992377 0.009941 11.823631 0.992386 0.122740 -0.010224 29.987502 0.008926 0.011121 0.999898 -0.125029
0.119184 -0.992822 0.009985 11.898511 0.992832 0.119082 -0.010259 30.649327 0.008997 0.011136 0.999897 -0.125357
0.117814 -0.992985 0.010003 11.942475 0.992995 0.117712 -0.010244 31.019643 0.008995 0.011139 0.999897 -0.125574
0.115277 -0.993283 0.010035 12.015759 0.993293 0.115175 -0.010257 31.643490 0.009032 0.011150 0.999897 -0.125795
0.112157 -0.993639 0.010086 12.125635 0.993649 0.112054 -0.010267 32.582545 0.009071 0.011173 0.999896 -0.126051
0.109791 -0.993903 0.010119 12.173070 0.993913 0.109687 -0.010268 33.039329 0.009096 0.011185 0.999896 -0.126142
0.106043 -0.994310 0.010163 12.212939 0.994320 0.105939 -0.010274 33.500034 0.009139 0.011195 0.999895 -0.126271
0.101038 -0.994830 0.010205 12.289594 0.994840 0.100933 -0.010295 34.289884 0.009212 0.011192 0.999895 -0.126876
0.099622 -0.994973 0.010223 12.319311 0.994983 0.099517 -0.010301 34.599085 0.009232 0.011197 0.999894 -0.127077
0.095953 -0.995333 0.010269 12.365885 0.995343 0.095848 -0.010276 35.169270 0.009244 0.011207 0.999894 -0.127098
0.093095 -0.995604 0.010324 12.444565 0.995614 0.092989 -0.010276 35.986471 0.009271 0.011235 0.999894 -0.127560
0.090634 -0.995831 0.010329 12.480618 0.995841 0.090528 -0.010291 36.422198 0.009313 0.011219 0.999893 -0.127556
0.087252 -0.996133 0.010337 12.536210 0.996143 0.087146 -0.010297 37.075791 0.009356 0.011195 0.999893 -0.127431
0.084813 -0.996343 0.010358 12.615517 0.996353 0.084707 -0.010275 37.938982 0.009360 0.011192 0.999893 -0.127523
0.084427 -0.996376 0.010363 12.649575 0.996386 0.084321 -0.010285 38.306795 0.009374 0.011194 0.999893 -0.127547
0.084272 -0.996389 0.010363 12.728588 0.996399 0.084166 -0.010305 39.121570 0.009396 0.011194 0.999893 -0.127625
0.085736 -0.996264 0.010358 12.813571 0.996274 0.085630 -0.010321 39.943645 0.009395 0.011204 0.999893 -0.128044
0.086325 -0.996213 0.010345 12.861590 0.996223 0.086219 -0.010311 40.401220 0.009380 0.011196 0.999893 -0.127849
0.087488 -0.996112 0.010336 12.925148 0.996122 0.087382 -0.010308 40.981367 0.009365 0.011198 0.999893 -0.127833
0.089552 -0.995928 0.010338 13.042349 0.995938 0.089446 -0.010316 42.050040 0.009349 0.011220 0.999893 -0.128683
0.089623 -0.995922 0.010349 13.076470 0.995932 0.089517 -0.010344 42.372344 0.009375 0.011234 0.999893 -0.128748
0.090840 -0.995812 0.010331 13.180497 0.995822 0.090734 -0.010342 43.330561 0.009361 0.011227 0.999893 -0.129068
0.092237 -0.995684 0.010335 13.266224 0.995693 0.092130 -0.010364 44.112719 0.009367 0.011246 0.999893 -0.129383
0.093299 -0.995585 0.010323 13.318107 0.995594 0.093193 -0.010356 44.570116 0.009348 0.011244 0.999893 -0.129509
0.092735 -0.995637 0.010326 13.381068 0.995647 0.092628 -0.010356 45.180573 0.009354 0.011241 0.999893 -0.129389
0.093692 -0.995548 0.010306 13.492037 0.995557 0.093585 -0.010375 46.204310 0.009364 0.011232 0.999893 -0.129816
0.093845 -0.995534 0.010302 13.532179 0.995543 0.093738 -0.010384 46.559361 0.009372 0.011230 0.999893 -0.129538
0.094825 -0.995441 0.010296 13.634794 0.995450 0.094719 -0.010394 47.500063 0.009371 0.011235 0.999893 -0.130095
0.094803 -0.995443 0.010303 13.736274 0.995452 0.094696 -0.010412 48.428088 0.009389 0.011243 0.999892 -0.130188
0.094906 -0.995433 0.010307 13.789157 0.995442 0.094799 -0.010441 48.911560 0.009417 0.011251 0.999892 -0.130041
0.095111 -0.995414 0.010299 13.852317 0.995422 0.095003 -0.010456 49.487252 0.009430 0.011247 0.999892 -0.129919
0.093898 -0.995528 0.010310 13.957663 0.995537 0.093790 -0.010469 50.491985 0.009455 0.011247 0.999892 -0.130178
0.093247 -0.995590 0.010325 13.997093 0.995598 0.093139 -0.010474 50.897813 0.009467 0.011256 0.999891 -0.130005
0.093743 -0.995543 0.010320 14.098972 0.995552 0.093634 -0.010496 51.836438 0.009483 0.011258 0.999891 -0.130067
0.091846 -0.995720 0.010335 14.175502 0.995728 0.091737 -0.010491 52.614125 0.009498 0.011254 0.999891 -0.129887
0.091384 -0.995762 0.010329 14.220280 0.995771 0.091276 -0.010481 53.057683 0.009494 0.011243 0.999891 -0.129901
0.089265 -0.995954 0.010349 14.281613 0.995963 0.089156 -0.010476 53.725363 0.009511 0.011242 0.999891 -0.129681
0.088018 -0.996065 0.010357 14.368180 0.996073 0.087910 -0.010502 54.609681 0.009550 0.011241 0.999891 -0.129746
0.087022 -0.996152 0.010377 14.397838 0.996161 0.086913 -0.010504 54.946887 0.009561 0.011251 0.999891 -0.129880
0.086450 -0.996202 0.010374 14.469767 0.996210 0.086342 -0.010506 55.687347 0.009571 0.011243 0.999891 -0.129756
0.085549 -0.996280 0.010379 14.561382 0.996288 0.085440 -0.010506 56.638155 0.009580 0.011239 0.999891 -0.129751
0.084815 -0.996343 0.010393 14.599892 0.996351 0.084705 -0.010523 57.069513 0.009604 0.011248 0.999890 -0.129694
0.084053 -0.996407 0.010394 14.653246 0.996415 0.083943 -0.010543 57.647524 0.009633 0.011243 0.999890 -0.129363
0.083576 -0.996447 0.010405 14.746084 0.996455 0.083466 -0.010572 58.621794 0.009666 0.011252 0.999890 -0.129252
0.082877 -0.996505 0.010415 14.776435 0.996513 0.082767 -0.010589 58.969449 0.009690 0.011256 0.999889 -0.129073
0.082857 -0.996507 0.010396 14.865128 0.996515 0.082747 -0.010583 59.901197 0.009686 0.011237 0.999890 -0.129062
0.083841 -0.996425 0.010374 14.958132 0.996432 0.083732 -0.010581 60.824060 0.009674 0.011224 0.999890 -0.129001
0.083512 -0.996453 0.010362 15.000093 0.996460 0.083402 -0.010588 61.276041 0.009686 0.011210 0.999890 -0.128741
0.083758 -0.996432 0.010360 15.059576 0.996439 0.083648 -0.010605 61.881018 0.009701 0.011211 0.999890 -0.128528
