1.000000 0.000000 0.000000 0.000000 0.000000 1.000000 0.000000 0.000000 0.000000 0.000000 1.000000 0.000000
0.999970 -0.007423 -0.002299 0.020514 0.007424 0.999972 0.000559 -0.014305 0.002295 -0.000576 0.999997 -0.009741
0.999923 -0.012087 -0.002814 0.040219 0.012089 0.999927 0.000424 -0.032816 0.002809 -0.000458 0.999996 -0.015203
0.999770 -0.021167 -0.003586 0.069467 0.021167 0.999776 0.000043 -0.039447 0.003584 -0.000119 0.999994 -0.024979
0.999705 -0.023843 -0.004619 0.086610 0.023844 0.999716 0.000094 -0.060607 0.004615 -0.000204 0.999989 -0.028579
0.999547 -0.029575 -0.005576 0.110907 0.029573 0.999563 -0.000475 -0.078133 0.005588 0.000310 0.999984 -0.036259
0.999503 -0.030795 -0.006798 0.132876 0.030784 0.999525 -0.001685 -0.101396 0.006846 0.001475 0.999975 -0.042090
0.999376 -0.034601 -0.007053 0.154883 0.034588 0.999400 -0.001923 -0.120703 0.007116 0.001677 0.999973 -0.050725
0.999146 -0.040009 -0.010316 0.169362 0.039992 0.999198 -0.001807 -0.139675 0.010380 0.001393 0.999945 -0.062767
0.999031 -0.042613 -0.011012 0.191549 0.042591 0.999090 -0.002230 -0.162396 0.011097 0.001759 0.999937 -0.070673
0.998834 -0.046727 -0.012133 0.211607 0.046699 0.998906 -0.002574 -0.181400 0.012240 0.002005 0.999923 -0.076629
0.998571 -0.051900 -0.012785 0.231904 0.051868 0.998650 -0.002829 -0.196673 0.012914 0.002162 0.999914 -0.078534
0.998104 -0.059971 -0.013834 0.254448 0.059938 0.998198 -0.002795 -0.209866 0.013977 0.001960 0.999900 -0.086524
0.997346 -0.071321 -0.014677 0.294881 0.071276 0.997450 -0.003582 -0.206988 0.014896 0.002526 0.999886 -0.100682
0.997028 -0.075259 -0.016457 0.318712 0.075204 0.997161 -0.003924 -0.229387 0.016706 0.002674 0.999857 -0.112984
0.996536 -0.081299 -0.017513 0.343928 0.081231 0.996685 -0.004551 -0.241623 0.017825 0.003113 0.999836 -0.121321
0.995846 -0.088914 -0.019655 0.372873 0.088841 0.996036 -0.004560 -0.245366 0.019983 0.002795 0.999796 -0.123247
0.995137 -0.096298 -0.020730 0.395504 0.096222 0.995349 -0.004666 -0.256394 0.021083 0.002648 0.999774 -0.128731
0.993580 -0.110868 -0.022519 0.444876 0.110789 0.993833 -0.004707 -0.237154 0.022901 0.002182 0.999735 -0.145777
0.991706 -0.126224 -0.024226 0.490573 0.126132 0.991999 -0.005311 -0.220969 0.024703 0.002211 0.999692 -0.162128
0.990490 -0.135128 -0.025874 0.519388 0.135012 0.990825 -0.006175 -0.225200 0.026471 0.002623 0.999646 -0.167429
0.989115 -0.144484 -0.027845 0.546785 0.144362 0.989505 -0.006333 -0.230080 0.028468 0.002244 0.999592 -0.177710
0.987737 -0.153253 -0.029826 0.568430 0.153122 0.988185 -0.006646 -0.240709 0.030492 0.001997 0.999533 -0.185245
0.986664 -0.159822 -0.030834 0.591921 0.159669 0.987143 -0.007367 -0.253874 0.031615 0.002346 0.999497 -0.188764
0.984916 -0.170029 -0.032112 0.621843 0.169883 0.985438 -0.007239 -0.252050 0.032875 0.001674 0.999458 -0.197803
0.983967 -0.175206 -0.033342 0.644445 0.175054 0.984531 -0.007447 -0.269040 0.034131 0.001491 0.999416 -0.202743
0.983358 -0.178224 -0.035268 0.667506 0.178062 0.983989 -0.007695 -0.281495 0.036075 0.001287 0.999348 -0.204301
0.981093 -0.189984 -0.036930 0.704136 0.189810 0.981787 -0.008187 -0.271230 0.037813 0.001023 0.999284 -0.209043
0.979614 -0.197166 -0.038510 0.729289 0.196970 0.980370 -0.008847 -0.278804 0.039498 0.001081 0.999219 -0.211749
0.977066 -0.208773 -0.041902 0.761882 0.208587 0.977964 -0.008815 -0.273947 0.042819 -0.000127 0.999083 -0.224602
0.973513 -0.224727 -0.042091 0.815750 0.224533 0.974422 -0.009336 -0.249658 0.043112 -0.000362 0.999070 -0.235378
0.971738 -0.231907 -0.044111 0.843170 0.231730 0.972737 -0.009155 -0.252039 0.045032 -0.001325 0.998985 -0.237065
0.969361 -0.241447 -0.045208 0.870466 0.241276 0.970412 -0.009275 -0.249130 0.046109 -0.001917 0.998935 -0.238522
0.965510 -0.256285 -0.045932 0.918271 0.256108 0.966599 -0.009796 -0.225601 0.046908 -0.002305 0.998897 -0.256928
0.963398 -0.263903 -0.047109 0.945985 0.263705 0.964547 -0.010494 -0.231167 0.048208 -0.002313 0.998835 -0.263628
0.961984 -0.268786 -0.048397 0.969403 0.268601 0.963196 -0.010403 -0.244440 0.049412 -0.002992 0.998774 -0.266780
0.959917 -0.275810 -0.049891 0.995113 0.275623 0.961206 -0.010727 -0.253595 0.050914 -0.003454 0.998697 -0.274478
0.957598 -0.283500 -0.051316 1.023611 0.283301 0.958965 -0.011271 -0.261302 0.052406 -0.003745 0.998619 -0.285700
0.954195 -0.294225 -0.054251 1.051770 0.293982 0.955728 -0.012588 -0.261221 0.055553 -0.003937 0.998448 -0.302790
0.950994 -0.304243 -0.055204 1.084517 0.304016 0.952583 -0.012667 -0.252141 0.056441 -0.004736 0.998395 -0.309603
0.950339 -0.306030 -0.056589 1.109942 0.305793 0.952009 -0.013011 -0.273048 0.057854 -0.004940 0.998313 -0.317148
0.948167 -0.312237 -0.059058 1.135942 0.312017 0.949986 -0.013153 -0.277719 0.060211 -0.005955 0.998168 -0.319410
0.943768 -0.324919 -0.061072 1.172941 0.324728 0.945714 -0.013306 -0.258844 0.062080 -0.007274 0.998045 -0.335518
0.940448 -0.334161 -0.062407 1.200136 0.333974 0.942483 -0.013711 -0.253451 0.063399 -0.007948 0.997957 -0.339254
0.934325 -0.350431 -0.065084 1.248677 0.350166 0.936555 -0.015804 -0.226308 0.066493 -0.008024 0.997755 -0.354435
0.934042 -0.351016 -0.065978 1.272836 0.350728 0.936336 -0.016278 -0.248876 0.067492 -0.007936 0.997689 -0.362480
0.932889 -0.353751 -0.067672 1.297900 0.353472 0.935300 -0.016455 -0.258961 0.069115 -0.008570 0.997572 -0.362014
0.932198 -0.355403 -0.068531 1.325124 0.355131 0.934671 -0.016535 -0.276908 0.069930 -0.008924 0.997512 -0.371559
0.929715 -0.361616 -0.069738 1.347943 0.361328 0.932281 -0.017150 -0.284949 0.071217 -0.009253 0.997418 -0.373020
0.928748 -0.364005 -0.070202 1.373691 0.363719 0.931349 -0.017261 -0.301200 0.071666 -0.009502 0.997384 -0.377957
0.926985 -0.368330 -0.070934 1.399429 0.368007 0.929648 -0.018053 -0.314142 0.072594 -0.009369 0.997318 -0.381324
0.924705 -0.373837 -0.071885 1.424422 0.373568 0.927435 -0.017665 -0.317735 0.073273 -0.010519 0.997257 -0.382962
0.923176 -0.377436 -0.072717 1.451578 0.377144 0.925975 -0.018238 -0.332214 0.074218 -0.010588 0.997186 -0.389506
0.922203 -0.379539 -0.074113 1.478056 0.379220 0.925114 -0.018877 -0.351185 0.075727 -0.010697 0.997071 -0.398620
0.919809 -0.385160 -0.074854 1.504652 0.384845 0.922782 -0.019171 -0.361037 0.076458 -0.011173 0.997010 -0.402749
0.917718 -0.389951 -0.075714 1.529130 0.389605 0.920767 -0.019890 -0.371926 0.077471 -0.011245 0.996931 -0.405369
0.915934 -0.393705 -0.077853 1.554731 0.393354 0.919160 -0.020443 -0.381817 0.079608 -0.011899 0.996755 -0.407187
0.915344 -0.394765 -0.079412 1.579240 0.394379 0.918705 -0.021160 -0.399678 0.081309 -0.011950 0.996618 -0.409931
0.912404 -0.401193 -0.081011 1.605779 0.400775 0.915911 -0.022081 -0.406151 0.083057 -0.012320 0.996469 -0.416692
0.911500 -0.403030 -0.082065 1.632304 0.402620 0.915098 -0.022215 -0.424090 0.084051 -0.012792 0.996380 -0.425007
0.908341 -0.409715 -0.083964 1.660187 0.409273 0.912117 -0.023210 -0.429703 0.086095 -0.013282 0.996199 -0.437419
0.906306 -0.413745 -0.086166 1.691162 0.413323 0.910281 -0.023517 -0.438843 0.088165 -0.014301 0.996003 -0.444839
0.904821 -0.416518 -0.088388 1.723814 0.416079 0.909006 -0.024209 -0.454814 0.090428 -0.014872 0.995792 -0.458109
0.903734 -0.418480 -0.090221 1.752518 0.418036 0.908096 -0.024678 -0.471140 0.092257 -0.015413 0.995616 -0.468960
0.901999 -0.421665 -0.092715 1.778940 0.421153 0.906618 -0.025991 -0.483331 0.095017 -0.015603 0.995354 -0.475614
0.900964 -0.423640 -0.093776 1.807852 0.423097 0.905695 -0.026582 -0.499654 0.096194 -0.015727 0.995239 -0.483274
0.898401 -0.428594 -0.095827 1.834700 0.427984 0.903356 -0.027878 -0.511460 0.098514 -0.015967 0.995008 -0.490314
0.894517 -0.436344 -0.097182 1.866155 0.435753 0.899620 -0.028351 -0.497078 0.099798 -0.016987 0.994863 -0.495607
0.892984 -0.439253 -0.098171 1.891094 0.438603 0.898204 -0.029268 -0.512330 0.101034 -0.016922 0.994739 -0.498743
0.888170 -0.448585 -0.099632 1.922103 0.448001 0.893549 -0.029430 -0.501893 0.102228 -0.018496 0.994589 -0.510834
0.884865 -0.454551 -0.101969 1.951160 0.453896 0.890519 -0.030884 -0.512678 0.104843 -0.018955 0.994308 -0.522397
0.879151 -0.464721 -0.105490 1.981579 0.464146 0.885201 -0.031446 -0.498641 0.107994 -0.021317 0.993923 -0.532748
0.877412 -0.467621 -0.107144 2.008841 0.467007 0.883663 -0.032314 -0.509994 0.109790 -0.021684 0.993718 -0.536746
0.872658 -0.476087 -0.108676 2.039222 0.475448 0.879110 -0.033397 -0.508149 0.111438 -0.022525 0.993516 -0.547610
0.872054 -0.476740 -0.110643 2.068835 0.476070 0.878746 -0.034112 -0.525779 0.113490 -0.022926 0.993275 -0.554934
0.870844 -0.478781 -0.111358 2.093810 0.478146 0.877619 -0.034095 -0.541183 0.114054 -0.023554 0.993195 -0.555898
0.866531 -0.486086 -0.113332 2.120477 0.485483 0.873556 -0.034743 -0.535785 0.115890 -0.024915 0.992950 -0.557938
0.862867 -0.492042 -0.115571 2.145984 0.491409 0.870189 -0.035901 -0.541846 0.118233 -0.025815 0.992650 -0.563386
0.859612 -0.497294 -0.117329 2.173664 0.496641 0.867174 -0.036834 -0.544521 0.120062 -0.026607 0.992410 -0.567284
0.854448 -0.505533 -0.119815 2.206977 0.504855 0.862358 -0.038212 -0.529526 0.122641 -0.027839 0.992061 -0.577752
0.849329 -0.513570 -0.122015 2.236691 0.512928 0.857544 -0.039040 -0.521850 0.124683 -0.029427 0.991760 -0.589415
0.843841 -0.522074 -0.123980 2.264907 0.521469 0.852337 -0.039891 -0.509990 0.126499 -0.030990 0.991483 -0.598210
0.843541 -0.522264 -0.125217 2.297277 0.521605 0.852219 -0.040637 -0.526779 0.127935 -0.031034 0.991297 -0.604181
0.837268 -0.531788 -0.127218 2.327630 0.531192 0.846239 -0.041419 -0.511908 0.129683 -0.032898 0.991010 -0.623486
0.832600 -0.538747 -0.128563 2.354295 0.538200 0.841771 -0.041974 -0.503687 0.130834 -0.034245 0.990813 -0.630908
0.829929 -0.542522 -0.129951 2.384604 0.541890 0.839333 -0.043297 -0.512969 0.132561 -0.034486 0.990575 -0.636486
0.827867 -0.545124 -0.132197 2.414494 0.544321 0.837650 -0.045372 -0.522119 0.135468 -0.034395 0.990185 -0.638142
0.826614 -0.546673 -0.133634 2.443745 0.545846 0.836620 -0.046049 -0.532183 0.136975 -0.034879 0.989960 -0.641765
0.822681 -0.552173 -0.135286 2.471383 0.551412 0.832937 -0.046488 -0.530117 0.138354 -0.036354 0.989716 -0.644595
0.820779 -0.554664 -0.136639 2.500439 0.553870 0.831258 -0.047309 -0.540479 0.139823 -0.036850 0.989491 -0.649159
0.813392 -0.564877 -0.138956 2.533484 0.564268 0.824220 -0.047581 -0.513374 0.141407 -0.039706 0.989155 -0.657540
0.808089 -0.571981 -0.140821 2.560642 0.571313 0.819257 -0.049196 -0.508321 0.143508 -0.040698 0.988812 -0.662254
0.806393 -0.574112 -0.141867 2.588209 0.573399 0.817749 -0.050010 -0.519246 0.144723 -0.041019 0.988622 -0.666047
0.803557 -0.577842 -0.142816 2.617932 0.576984 0.815123 -0.051624 -0.524653 0.146243 -0.040920 0.988402 -0.670731
0.797517 -0.585586 -0.145106 2.647794 0.584761 0.809484 -0.052828 -0.513250 0.148396 -0.042721 0.988005 -0.678778
0.794747 -0.588925 -0.146785 2.678558 0.588045 0.807023 -0.054021 -0.521682 0.150274 -0.043383 0.987692 -0.683472
0.792204 -0.592092 -0.147786 2.708286 0.591097 0.804697 -0.055385 -0.527505 0.151716 -0.043480 0.987467 -0.686752
0.789823 -0.594724 -0.149945 2.739319 0.593661 0.802714 -0.056731 -0.536132 0.154102 -0.044209 0.987065 -0.690664
0.783385 -0.602563 -0.152401 2.769425 0.601570 0.796724 -0.057840 -0.526475 0.156274 -0.046369 0.986625 -0.704605
0.780062 -0.606275 -0.154706 2.795247 0.605199 0.793851 -0.059466 -0.527165 0.158866 -0.047241 0.986169 -0.706685
0.773783 -0.614019 -0.155694 2.826862 0.612911 0.787808 -0.060817 -0.498876 0.160000 -0.048367 0.985931 -0.714199
0.768187 -0.620454 -0.157882 2.853026 0.619159 0.782706 -0.063356 -0.494820 0.162885 -0.049085 0.985423 -0.724525
0.763945 -0.625187 -0.159781 2.879110 0.623756 0.778887 -0.065306 -0.487969 0.165279 -0.049774 0.984990 -0.724285
0.760863 -0.628748 -0.160509 2.911980 0.627155 0.776016 -0.066910 -0.496450 0.166627 -0.049754 0.984764 -0.728872
0.759175 -0.630463 -0.161776 2.943394 0.628835 0.774586 -0.067700 -0.505237 0.167991 -0.050334 0.984503 -0.731745
0.756259 -0.633637 -0.163022 2.974288 0.631954 0.771948 -0.068787 -0.509776 0.169431 -0.051002 0.984222 -0.733839
0.753492 -0.636705 -0.163879 3.001705 0.634911 0.769402 -0.070063 -0.519398 0.170698 -0.051257 0.983989 -0.738086
0.751785 -0.638400 -0.165119 3.033689 0.636573 0.767957 -0.070842 -0.528288 0.172029 -0.051852 0.983726 -0.743839
0.747580 -0.643018 -0.166293 3.062817 0.641170 0.764024 -0.071890 -0.530766 0.173278 -0.052878 0.983452 -0.744397
0.745492 -0.645226 -0.167112 3.096270 0.643151 0.762184 -0.073708 -0.542176 0.174928 -0.052530 0.983179 -0.749870
0.743823 -0.646850 -0.168264 3.127782 0.644658 0.760791 -0.074918 -0.551693 0.176475 -0.052747 0.982891 -0.755155
0.740799 -0.649940 -0.169692 3.157743 0.647695 0.758096 -0.076048 -0.558756 0.178069 -0.053572 0.982559 -0.758310
0.738825 -0.652083 -0.170077 3.187894 0.649606 0.756289 -0.077718 -0.567720 0.179305 -0.053063 0.982361 -0.762322
0.734553 -0.656687 -0.170865 3.215741 0.654086 0.752260 -0.079231 -0.566398 0.180565 -0.053561 0.982104 -0.763079
0.731079 -0.660217 -0.172158 3.245408 0.657571 0.749098 -0.080333 -0.567642 0.182000 -0.054476 0.981788 -0.770252
0.729952 -0.661379 -0.172476 3.277159 0.658582 0.748094 -0.081398 -0.579140 0.182863 -0.054173 0.981645 -0.771810
0.728245 -0.662923 -0.173760 3.309747 0.660044 0.746691 -0.082434 -0.582371 0.184393 -0.054657 0.981332 -0.773302
0.725805 -0.665370 -0.174614 3.342058 0.662411 0.744478 -0.083454 -0.586117 0.185524 -0.055095 0.981094 -0.775889
0.724128 -0.666958 -0.175515 3.378121 0.664005 0.743005 -0.083912 -0.592362 0.186375 -0.055780 0.980894 -0.781279
0.718411 -0.672501 -0.177844 3.404231 0.669566 0.737837 -0.085312 -0.588316 0.188593 -0.057789 0.980354 -0.782097
0.717994 -0.672574 -0.179247 3.439118 0.669523 0.737754 -0.086363 -0.600036 0.190325 -0.058002 0.980006 -0.786982
0.711664 -0.678706 -0.181364 3.461786 0.675807 0.731910 -0.087140 -0.593040 0.191885 -0.060553 0.979548 -0.787908
0.710952 -0.679212 -0.182258 3.497165 0.676288 0.731407 -0.087632 -0.601567 0.192825 -0.060957 0.979338 -0.794174
0.702258 -0.687745 -0.183958 3.522820 0.684829 0.723197 -0.089416 -0.571611 0.194534 -0.063187 0.978859 -0.798300
0.696554 -0.692977 -0.186002 3.550465 0.690017 0.718035 -0.091116 -0.564365 0.196697 -0.064877 0.978316 -0.802470
0.695496 -0.693770 -0.186999 3.587808 0.690775 0.717225 -0.091753 -0.569662 0.197776 -0.065361 0.978066 -0.810632
0.693583 -0.695471 -0.187786 3.615690 0.692377 0.715547 -0.092772 -0.576416 0.198890 -0.065674 0.977819 -0.807812
0.690774 -0.697879 -0.189197 3.648918 0.694793 0.713094 -0.093596 -0.579856 0.200234 -0.066799 0.977468 -0.811274
0.688954 -0.699257 -0.190744 3.683977 0.696131 0.711663 -0.094542 -0.585012 0.201855 -0.067648 0.977076 -0.817096
0.686763 -0.701092 -0.191904 3.716149 0.697793 0.709828 -0.096070 -0.592655 0.203573 -0.067932 0.976700 -0.819142
0.676358 -0.710583 -0.193937 3.739287 0.707490 0.699986 -0.097355 -0.556367 0.204932 -0.071361 0.976171 -0.823829
0.673920 -0.712581 -0.195093 3.770620 0.709558 0.697831 -0.097776 -0.558808 0.205815 -0.072537 0.975899 -0.823843
0.673193 -0.712880 -0.196506 3.810912 0.709687 0.697507 -0.099143 -0.566673 0.207741 -0.072715 0.975477 -0.831279
0.672538 -0.713121 -0.197868 3.847046 0.709821 0.697222 -0.100178 -0.574117 0.209397 -0.073077 0.975096 -0.836055
0.668270 -0.716747 -0.199222 3.878346 0.713195 0.693438 -0.102461 -0.576070 0.211587 -0.073612 0.974583 -0.840429
0.668854 -0.715872 -0.200405 3.915059 0.712174 0.694346 -0.103400 -0.585513 0.213171 -0.073564 0.974241 -0.843415
0.663988 -0.720009 -0.201760 3.942538 0.716326 0.689889 -0.104551 -0.580704 0.214469 -0.075105 0.973839 -0.847065
0.656052 -0.726646 -0.203915 3.968117 0.722946 0.682630 -0.106614 -0.568414 0.216669 -0.077475 0.973166 -0.854462
0.650034 -0.731516 -0.205767 3.996189 0.727717 0.677218 -0.108644 -0.562071 0.218824 -0.079118 0.972551 -0.859475
0.649123 -0.732013 -0.206874 4.032804 0.728080 0.676651 -0.109743 -0.570151 0.220315 -0.079384 0.972193 -0.862662
0.649305 -0.731668 -0.207521 4.068398 0.727582 0.677048 -0.110598 -0.579329 0.221422 -0.079177 0.971958 -0.866329
0.646604 -0.733716 -0.208719 4.102389 0.729503 0.674748 -0.111989 -0.584385 0.223001 -0.079849 0.971542 -0.869432
0.644880 -0.735110 -0.209151 4.134068 0.730744 0.673222 -0.113075 -0.589854 0.223928 -0.079916 0.971324 -0.870099
0.642982 -0.736483 -0.210162 4.167002 0.732192 0.671593 -0.113391 -0.593209 0.224654 -0.080970 0.971069 -0.873016
0.641129 -0.737906 -0.210828 4.202281 0.733435 0.670014 -0.114694 -0.598752 0.225891 -0.081095 0.970771 -0.877110
0.638603 -0.739747 -0.212038 4.239217 0.735108 0.667913 -0.116226 -0.603146 0.227601 -0.081648 0.970325 -0.883938
0.635590 -0.742045 -0.213060 4.267224 0.737300 0.665267 -0.117514 -0.603426 0.228942 -0.082398 0.969946 -0.881654
0.632805 -0.744150 -0.214007 4.298728 0.739398 0.662791 -0.118320 -0.604889 0.229889 -0.083362 0.969640 -0.883536
0.628733 -0.747382 -0.214745 4.333649 0.742570 0.659022 -0.119505 -0.604598 0.230838 -0.084327 0.969331 -0.887005
0.627220 -0.748482 -0.215337 4.369409 0.743582 0.657731 -0.120321 -0.608570 0.231692 -0.084653 0.969099 -0.891322
0.624273 -0.750682 -0.216241 4.407136 0.745498 0.655192 -0.122299 -0.612587 0.233487 -0.084860 0.968650 -0.896533
0.620748 -0.753394 -0.216955 4.443773 0.748198 0.651940 -0.123185 -0.615702 0.234248 -0.085858 0.968378 -0.903322
0.610839 -0.760979 -0.218603 4.474744 0.755811 0.642688 -0.125309 -0.592348 0.235851 -0.088679 0.967735 -0.922788
0.604938 -0.765418 -0.219511 4.500490 0.760221 0.637180 -0.126749 -0.582352 0.236884 -0.090202 0.967342 -0.921471
0.596842 -0.771411 -0.220692 4.524421 0.766293 0.629566 -0.128229 -0.562453 0.237857 -0.092583 0.966878 -0.924672
0.591813 -0.774833 -0.222240 4.556631 0.769496 0.625173 -0.130519 -0.559169 0.240069 -0.093770 0.966216 -0.930636
0.589036 -0.776416 -0.224086 4.579574 0.771133 0.622961 -0.131430 -0.557856 0.241641 -0.095383 0.965666 -0.924793
0.587546 -0.777190 -0.225312 4.613708 0.771890 0.621862 -0.132192 -0.560588 0.242851 -0.096247 0.965277 -0.927116
0.585952 -0.778099 -0.226325 4.647635 0.772733 0.620622 -0.133091 -0.561286 0.244020 -0.096904 0.964916 -0.928372
0.585503 -0.778195 -0.227153 4.681577 0.772612 0.620508 -0.134313 -0.566094 0.245473 -0.096860 0.964552 -0.928432
0.582528 -0.780225 -0.227842 4.718745 0.774432 0.617889 -0.135902 -0.569283 0.246815 -0.097281 0.964167 -0.935258
0.582225 -0.780095 -0.229054 4.755209 0.774170 0.617998 -0.136893 -0.571738 0.248344 -0.097624 0.963740 -0.936297
0.580057 -0.781425 -0.230022 4.791146 0.775469 0.616180 -0.137735 -0.572001 0.249365 -0.098481 0.963389 -0.940679
0.574606 -0.784961 -0.231656 4.816154 0.778938 0.611379 -0.139541 -0.566855 0.251163 -0.100264 0.962738 -0.940930
0.573794 -0.785498 -0.231848 4.852136 0.779208 0.610751 -0.140777 -0.572101 0.252182 -0.099881 0.962511 -0.944542
0.572217 -0.786326 -0.232937 4.890326 0.780046 0.609536 -0.141406 -0.572471 0.253175 -0.100787 0.962156 -0.948773
0.571793 -0.786458 -0.233533 4.924071 0.779955 0.609389 -0.142534 -0.574225 0.254409 -0.100645 0.961845 -0.948894
0.572307 -0.785839 -0.234356 4.960053 0.779248 0.610170 -0.143058 -0.580188 0.255417 -0.100748 0.961567 -0.952004
0.566966 -0.789502 -0.235025 4.986901 0.782711 0.605257 -0.145010 -0.575123 0.256736 -0.101741 0.961111 -0.950678
0.565683 -0.790078 -0.236178 5.021308 0.783006 0.604470 -0.146690 -0.578635 0.258659 -0.101949 0.960573 -0.950752
0.557088 -0.795666 -0.237842 5.050482 0.788604 0.596624 -0.148805 -0.564709 0.260302 -0.104665 0.959837 -0.959746
0.554182 -0.797550 -0.238319 5.093820 0.790180 0.594074 -0.150639 -0.566239 0.261721 -0.104834 0.959433 -0.971574
0.545342 -0.802890 -0.240771 5.117758 0.795598 0.586226 -0.152851 -0.544691 0.263869 -0.108201 0.958470 -0.972761
0.536480 -0.808304 -0.242559 5.143787 0.801029 0.578189 -0.155080 -0.524059 0.265597 -0.111099 0.957661 -0.977403
0.536724 -0.807900 -0.243364 5.181860 0.800432 0.578762 -0.156026 -0.528540 0.266903 -0.111053 0.957303 -0.980870
0.529267 -0.812596 -0.244058 5.205879 0.805221 0.571719 -0.157343 -0.508778 0.267389 -0.113244 0.956911 -0.982662
0.522459 -0.816596 -0.245373 5.230039 0.809272 0.565528 -0.158930 -0.498347 0.268546 -0.115539 0.956312 -0.978131
0.515131 -0.821117 -0.245780 5.250969 0.813966 0.558489 -0.159842 -0.479316 0.268514 -0.117717 0.956055 -0.973245
0.511887 -0.822872 -0.246686 5.280690 0.815809 0.555606 -0.160490 -0.476673 0.269123 -0.119096 0.955713 -0.973331
0.509687 -0.824241 -0.246669 5.314525 0.817096 0.553508 -0.161192 -0.473998 0.269395 -0.119395 0.955600 -0.975654
0.504355 -0.827254 -0.247541 5.345200 0.820211 0.548590 -0.162180 -0.466705 0.269963 -0.121240 0.955207 -0.975471
0.500199 -0.829308 -0.249097 5.375265 0.822437 0.545009 -0.162984 -0.462592 0.270924 -0.123342 0.954665 -0.973337
0.495559 -0.831916 -0.249674 5.401534 0.825190 0.540648 -0.163591 -0.456257 0.271080 -0.124960 0.954411 -0.970801
0.491731 -0.834043 -0.250146 5.430647 0.827235 0.537144 -0.164801 -0.452662 0.271816 -0.125892 0.954079 -0.968214
0.482606 -0.838858 -0.251811 5.455693 0.832269 0.528787 -0.166472 -0.424659 0.272801 -0.129234 0.953351 -0.975984
0.478663 -0.841129 -0.251760 5.491509 0.834317 0.525067 -0.167990 -0.421304 0.273492 -0.129637 0.953098 -0.979119
0.468425 -0.846510 -0.252981 5.512605 0.840005 0.515454 -0.169410 -0.388778 0.273807 -0.133150 0.952523 -0.985257
0.464820 -0.848272 -0.253727 5.546319 0.841595 0.512317 -0.171027 -0.382946 0.275066 -0.134039 0.952035 -0.985206
0.457523 -0.851559 -0.255969 5.569961 0.845093 0.505959 -0.172694 -0.367614 0.276569 -0.137306 0.951134 -0.981752
0.447473 -0.856502 -0.257240 5.589983 0.850159 0.496661 -0.174807 -0.331911 0.277484 -0.140473 0.950405 -0.979275
0.437555 -0.861301 -0.258276 5.609314 0.855364 0.487269 -0.175845 -0.299815 0.277306 -0.143978 0.949932 -0.978315
0.434017 -0.862846 -0.259086 5.639780 0.856651 0.484289 -0.177801 -0.291493 0.278888 -0.144778 0.949347 -0.974030
0.432622 -0.863370 -0.259673 5.672737 0.857112 0.483192 -0.178564 -0.289370 0.279639 -0.145319 0.949044 -0.974233
0.432726 -0.863073 -0.260488 5.712066 0.856598 0.483701 -0.179651 -0.285668 0.281050 -0.145394 0.948615 -0.976770
0.430952 -0.863771 -0.261114 5.748545 0.857082 0.482333 -0.181012 -0.278215 0.282297 -0.145788 0.948184 -0.978720
0.430491 -0.863725 -0.262025 5.783746 0.856876 0.482307 -0.182057 -0.275539 0.283624 -0.146149 0.947732 -0.979050
0.427904 -0.864676 -0.263122 5.810058 0.857802 0.480238 -0.183161 -0.268902 0.284736 -0.147331 0.947216 -0.974289
0.425769 -0.865519 -0.263815 5.851787 0.858398 0.478571 -0.184725 -0.267840 0.286138 -0.147808 0.946719 -0.979345
0.424053 -0.866069 -0.264771 5.884057 0.858833 0.477339 -0.185887 -0.266453 0.287377 -0.148568 0.946225 -0.977125
0.414926 -0.870126 -0.265929 5.907429 0.862912 0.469003 -0.188199 -0.247301 0.288478 -0.151385 0.945443 -0.980594
0.411001 -0.871938 -0.266087 5.946513 0.864508 0.465413 -0.189780 -0.245916 0.289317 -0.152034 0.945082 -0.987503
0.403058 -0.875257 -0.267338 5.968821 0.867799 0.458292 -0.192080 -0.231632 0.290638 -0.154576 0.944264 -0.996579
0.397551 -0.877588 -0.267942 6.002917 0.869953 0.453344 -0.194068 -0.226228 0.291782 -0.155945 0.943686 -1.002157
0.387368 -0.881638 -0.269556 6.021259 0.874352 0.444035 -0.195814 -0.197959 0.292329 -0.159835 0.942866 -1.005477
0.387498 -0.881352 -0.270304 6.058160 0.873753 0.444621 -0.197151 -0.195426 0.293943 -0.159783 0.942373 -1.004472
0.381413 -0.883526 -0.271859 6.087231 0.875837 0.439464 -0.199453 -0.178800 0.295694 -0.162030 0.941441 -1.005282
0.373948 -0.886589 -0.272254 6.114072 0.878709 0.432598 -0.201817 -0.168222 0.296705 -0.163764 0.940822 -1.011050
0.362035 -0.891172 -0.273394 6.129054 0.883610 0.421508 -0.203874 -0.130714 0.296925 -0.167764 0.940048 -1.010540
0.359380 -0.892076 -0.273948 6.156457 0.884266 0.419339 -0.205495 -0.122196 0.298195 -0.168392 0.939533 -1.009016
0.348740 -0.895855 -0.275363 6.182420 0.888513 0.409508 -0.206999 -0.102172 0.298205 -0.172475 0.938789 -1.019054
0.347258 -0.896363 -0.275581 6.212758 0.888881 0.408267 -0.207867 -0.098543 0.298835 -0.172775 0.938534 -1.015642
0.342896 -0.897939 -0.275915 6.242332 0.890025 0.404501 -0.210322 -0.091936 0.300465 -0.173453 0.937888 -1.015990
0.342658 -0.898045 -0.275864 6.277027 0.889898 0.404388 -0.211075 -0.089152 0.301112 -0.173164 0.937734 -1.014827
0.335679 -0.900482 -0.276501 6.304340 0.892149 0.398122 -0.213473 -0.077447 0.302309 -0.175021 0.937003 -1.018730
0.330001 -0.902308 -0.277382 6.333225 0.893798 0.393196 -0.215692 -0.063135 0.303686 -0.176744 0.936234 -1.023263
0.329538 -0.902543 -0.277166 6.369311 0.893769 0.392819 -0.216498 -0.058744 0.304275 -0.176378 0.936112 -1.023279
0.321886 -0.904922 -0.278398 6.393256 0.896158 0.386068 -0.218754 -0.042968 0.305436 -0.179074 0.935222 -1.029768
0.312673 -0.907926 -0.279115 6.413953 0.899246 0.377586 -0.220876 -0.017706 0.305929 -0.181931 0.934509 -1.035019
0.304427 -0.910637 -0.279402 6.439763 0.901927 0.369912 -0.222921 0.004155 0.306355 -0.184137 0.933937 -1.042688
0.305779 -0.910122 -0.279603 6.477651 0.901089 0.371472 -0.223714 0.007389 0.307472 -0.183540 0.933688 -1.041631
0.299650 -0.912029 -0.280024 6.509094 0.902907 0.365905 -0.225551 0.019192 0.308172 -0.185249 0.933119 -1.048363
0.289822 -0.914848 -0.281169 6.528300 0.905746 0.357096 -0.228272 0.044664 0.309239 -0.188509 0.932113 -1.052997
0.288442 -0.915271 -0.281212 6.555674 0.906019 0.355901 -0.229052 0.050189 0.309729 -0.188715 0.931909 -1.046043
0.279299 -0.918094 -0.281239 6.574382 0.909120 0.347104 -0.230259 0.077321 0.309019 -0.191369 0.931603 -1.048299
0.278574 -0.918300 -0.281287 6.605409 0.908811 0.346759 -0.231995 0.080592 0.310580 -0.191009 0.931158 -1.041954
0.275307 -0.919194 -0.281581 6.635748 0.909499 0.343933 -0.233501 0.089650 0.311478 -0.191813 0.930692 -1.037915
0.268377 -0.921044 -0.282226 6.657451 0.911281 0.337725 -0.235603 0.105535 0.312316 -0.193957 0.929967 -1.036952
0.264247 -0.922184 -0.282403 6.679703 0.912309 0.333981 -0.236959 0.116296 0.312837 -0.195024 0.929569 -1.029273
0.262896 -0.922443 -0.282815 6.712582 0.912170 0.333142 -0.238668 0.123688 0.314375 -0.195231 0.929006 -1.024213
0.255847 -0.924136 -0.283752 6.738391 0.913920 0.326895 -0.240603 0.141743 0.315107 -0.197769 0.928221 -1.026447
0.254077 -0.924526 -0.284072 6.769783 0.914137 0.325484 -0.241690 0.151530 0.315909 -0.198273 0.927841 -1.025316
0.249104 -0.925914 -0.283957 6.792213 0.915491 0.320778 -0.242856 0.165208 0.315950 -0.199464 0.927571 -1.021084
0.243437 -0.927126 -0.284914 6.815781 0.916670 0.315913 -0.244777 0.181106 0.316947 -0.201584 0.926773 -1.019230
0.241982 -0.927342 -0.285451 6.849001 0.916676 0.314928 -0.246019 0.193041 0.318040 -0.202134 0.926278 -1.018379
0.242279 -0.927084 -0.286034 6.890391 0.915913 0.315796 -0.247742 0.200137 0.320006 -0.201960 0.925639 -1.019315
0.234960 -0.928605 -0.287205 6.914472 0.917450 0.309468 -0.250032 0.220603 0.321062 -0.204748 0.924660 -1.020874
0.225685 -0.930880 -0.287277 6.936345 0.919379 0.301040 -0.253214 0.238332 0.322194 -0.206970 0.923771 -1.027750
0.226603 -0.930550 -0.287625 6.974906 0.918769 0.302242 -0.253997 0.248179 0.323290 -0.206705 0.923448 -1.026616
0.218312 -0.932229 -0.288600 6.998254 0.920580 0.294867 -0.256100 0.268435 0.323842 -0.209770 0.922563 -1.029787
0.218098 -0.932066 -0.289287 7.033666 0.920086 0.295209 -0.257478 0.275349 0.325386 -0.210013 0.921964 -1.026111
0.217877 -0.931913 -0.289947 7.069312 0.919714 0.295458 -0.258518 0.284805 0.326583 -0.210343 0.921465 -1.023556
0.212024 -0.933155 -0.290290 7.092644 0.920737 0.290304 -0.260706 0.300705 0.327552 -0.212005 0.920741 -1.023379
0.210504 -0.933332 -0.290828 7.128292 0.920778 0.289234 -0.261750 0.316490 0.328416 -0.212688 0.920275 -1.021884
0.209584 -0.933393 -0.291295 7.157659 0.920726 0.288675 -0.262546 0.325994 0.329148 -0.213178 0.919900 -1.017084
0.203882 -0.934502 -0.291787 7.175362 0.921901 0.283561 -0.263993 0.348220 0.329442 -0.215175 0.919329 -1.010272
0.202023 -0.934945 -0.291661 7.205001 0.922081 0.281942 -0.265097 0.360139 0.330083 -0.215379 0.919052 -1.005650
0.199111 -0.935460 -0.292011 7.234108 0.922067 0.279749 -0.267458 0.376387 0.331886 -0.216000 0.918256 -1.002981
0.188952 -0.937463 -0.292336 7.242534 0.924390 0.270260 -0.269190 0.415904 0.331362 -0.219369 0.917647 -0.999986
0.188396 -0.937422 -0.292827 7.277626 0.923926 0.270266 -0.270771 0.428167 0.332968 -0.219538 0.917025 -0.997126
0.180582 -0.938643 -0.293837 7.302039 0.925345 0.263389 -0.272696 0.448552 0.333358 -0.222657 0.916131 -1.000123
0.171636 -0.940007 -0.294836 7.320510 0.926996 0.255412 -0.274671 0.473034 0.333497 -0.226168 0.915219 -1.002192
0.164490 -0.941072 -0.295513 7.331697 0.928003 0.249182 -0.276981 0.496383 0.334295 -0.228676 0.914304 -0.995180
0.160117 -0.941678 -0.295984 7.353941 0.928685 0.245329 -0.278133 0.512502 0.334524 -0.230342 0.913802 -0.989054
0.153115 -0.942535 -0.296957 7.371530 0.929677 0.239271 -0.280089 0.531199 0.335046 -0.233189 0.912889 -0.985199
0.149726 -0.942838 -0.297723 7.399506 0.929894 0.236602 -0.281631 0.545773 0.335975 -0.234683 0.912164 -0.980057
0.137827 -0.944439 -0.298394 7.409449 0.931875 0.225724 -0.284003 0.585035 0.335578 -0.238922 0.911209 -0.983445
0.132298 -0.944956 -0.299259 7.429133 0.932072 0.221323 -0.286806 0.598724 0.337252 -0.240987 0.910047 -0.977098
0.126720 -0.945639 -0.299515 7.448674 0.932907 0.216226 -0.287978 0.612679 0.337086 -0.242927 0.909592 -0.969065
0.125174 -0.945663 -0.300089 7.479259 0.932889 0.215143 -0.288845 0.626142 0.337712 -0.243794 0.909128 -0.965348
0.116342 -0.946630 -0.300593 7.492879 0.934140 0.207106 -0.290671 0.654817 0.337413 -0.246979 0.908379 -0.965159
0.108921 -0.947487 -0.300674 7.516908 0.934882 0.200437 -0.292951 0.674706 0.337833 -0.249186 0.907620 -0.961183
0.104481 -0.947876 -0.301025 7.538035 0.935400 0.196470 -0.293986 0.693987 0.337804 -0.250863 0.907169 -0.951657
0.090752 -0.949411 -0.300640 7.533345 0.937435 0.183332 -0.295982 0.745861 0.336125 -0.254969 0.906647 -0.949144
0.086429 -0.949812 -0.300645 7.558132 0.937907 0.179334 -0.296933 0.768329 0.335947 -0.256314 0.906334 -0.943986
0.082696 -0.950130 -0.300691 7.583398 0.938265 0.175922 -0.297842 0.784828 0.335887 -0.257498 0.906021 -0.937998
0.080110 -0.950394 -0.300555 7.611711 0.938493 0.173516 -0.298537 0.801403 0.335879 -0.258153 0.905837 -0.932207
0.075587 -0.950711 -0.300726 7.630356 0.938608 0.169644 -0.300394 0.819051 0.336604 -0.259558 0.905166 -0.923665
0.073607 -0.950987 -0.300344 7.659913 0.938507 0.167918 -0.301676 0.828464 0.337323 -0.259670 0.904866 -0.916472
0.059888 -0.951942 -0.300366 7.659343 0.940295 0.154799 -0.303122 0.879981 0.335050 -0.264280 0.904376 -0.919248
0.056602 -0.952175 -0.300265 7.685924 0.940269 0.151960 -0.304636 0.896671 0.335695 -0.265087 0.903901 -0.913395
0.052189 -0.952335 -0.300557 7.707894 0.940593 0.147990 -0.305589 0.915808 0.335502 -0.266754 0.903482 -0.905529
0.042540 -0.952798 -0.300610 7.722702 0.941355 0.139029 -0.307443 0.942296 0.334725 -0.269903 0.902835 -0.906410
0.036919 -0.953035 -0.300602 7.752244 0.941450 0.134047 -0.309359 0.964810 0.335125 -0.271581 0.902183 -0.905244
0.034178 -0.953077 -0.300794 7.777411 0.941264 0.131863 -0.310860 0.979761 0.335937 -0.272503 0.901603 -0.896501
0.028869 -0.953210 -0.300929 7.793108 0.941286 0.127234 -0.312718 0.993534 0.336374 -0.274233 0.900915 -0.885933
0.026832 -0.953165 -0.301260 7.822284 0.941145 0.125666 -0.313775 1.011212 0.336937 -0.275111 0.900437 -0.881291
0.021000 -0.952952 -0.302393 7.841962 0.941053 0.120975 -0.315886 1.031346 0.337606 -0.277934 0.899318 -0.875191
0.009234 -0.953014 -0.302787 7.849543 0.941434 0.110355 -0.318630 1.067438 0.337073 -0.282111 0.898217 -0.878360
-0.002748 -0.952980 -0.303021 7.861242 0.941450 0.099696 -0.322075 1.106476 0.337141 -0.286165 0.896908 -0.886246
-0.004665 -0.952842 -0.303433 7.889370 0.941343 0.098202 -0.322847 1.123675 0.337420 -0.287141 0.896491 -0.880535
-0.007011 -0.952719 -0.303774 7.917073 0.941063 0.096443 -0.324190 1.139955 0.338158 -0.288143 0.895891 -0.873718
-0.015266 -0.952662 -0.303649 7.926757 0.940742 0.089210 -0.327180 1.162634 0.338780 -0.290651 0.894846 -0.864381
-0.014704 -0.952663 -0.303675 7.957948 0.940257 0.090143 -0.328316 1.179330 0.340149 -0.290360 0.894421 -0.857094
-0.016084 -0.952568 -0.303902 7.987041 0.939838 0.089328 -0.329735 1.197569 0.341242 -0.290922 0.893822 -0.851934
-0.017427 -0.952407 -0.304331 8.012954 0.939516 0.088533 -0.330865 1.214327 0.342061 -0.291690 0.893258 -0.844331
-0.016001 -0.952436 -0.304319 8.043689 0.938810 0.090420 -0.332355 1.228629 0.344063 -0.291016 0.892709 -0.834694
-0.023439 -0.952218 -0.304519 8.054339 0.938764 0.083777 -0.334222 1.248863 0.343764 -0.293705 0.891943 -0.832053
-0.027674 -0.952213 -0.304180 8.074274 0.938524 0.079999 -0.335817 1.266971 0.344103 -0.294773 0.891460 -0.822502
-0.037076 -0.951982 -0.303901 8.087320 0.938256 0.071509 -0.338472 1.295215 0.343951 -0.297686 0.890550 -0.823733
-0.047311 -0.951577 -0.303749 8.094983 0.938123 0.062108 -0.340688 1.326549 0.343056 -0.301072 0.889757 -0.823390
-0.051333 -0.951236 -0.304164 8.116033 0.937742 0.058852 -0.342311 1.344417 0.343519 -0.302799 0.888992 -0.814180
-0.054534 -0.950953 -0.304493 8.129609 0.936924 0.056708 -0.344902 1.361366 0.345252 -0.304096 0.887877 -0.803761
-0.071093 -0.949951 -0.304202 8.113422 0.936973 0.040994 -0.346989 1.426082 0.342093 -0.309698 0.887163 -0.811779
-0.079431 -0.949300 -0.304173 8.116374 0.936702 0.033302 -0.348540 1.449227 0.340999 -0.312604 0.886565 -0.799840
-0.092775 -0.947930 -0.304668 8.109573 0.936146 0.021183 -0.350975 1.497245 0.339153 -0.317775 0.885434 -0.805045
-0.103103 -0.946912 -0.304512 8.119323 0.935357 0.011837 -0.353507 1.532063 0.338344 -0.321276 0.884480 -0.809718
-0.107873 -0.946529 -0.304050 8.134789 0.934425 0.007886 -0.356073 1.550303 0.339431 -0.322522 0.883609 -0.798063
-0.112480 -0.945992 -0.304054 8.148971 0.934076 0.003698 -0.357055 1.565251 0.338896 -0.324171 0.883211 -0.786463
-0.125026 -0.944511 -0.303755 8.147711 0.933077 -0.007868 -0.359591 1.606863 0.337248 -0.328385 0.882285 -0.791358
-0.133678 -0.943280 -0.303896 8.145759 0.932619 -0.016023 -0.360508 1.641416 0.335191 -0.331611 0.881862 -0.784583
-0.134530 -0.943061 -0.304201 8.171961 0.932144 -0.016292 -0.361723 1.659197 0.336171 -0.332222 0.881259 -0.777431
-0.143840 -0.941636 -0.304355 8.176617 0.931071 -0.024570 -0.364011 1.690729 0.335288 -0.335735 0.880263 -0.772492
-0.147291 -0.941052 -0.304510 8.197195 0.930533 -0.027479 -0.365176 1.712506 0.335282 -0.337143 0.879727 -0.766494
-0.147970 -0.940923 -0.304580 8.222611 0.930055 -0.027662 -0.366379 1.731384 0.336309 -0.337489 0.879202 -0.759326
-0.151994 -0.940475 -0.303982 8.243378 0.929244 -0.031185 -0.368150 1.750806 0.336756 -0.338429 0.878669 -0.750343
-0.155516 -0.939753 -0.304433 8.265461 0.928816 -0.034181 -0.368962 1.773154 0.336328 -0.340141 0.878172 -0.744949
-0.160256 -0.938697 -0.305232 8.276936 0.927933 -0.037840 -0.370822 1.795793 0.336539 -0.342662 0.877111 -0.735572
-0.172303 -0.936724 -0.304729 8.270390 0.926716 -0.049277 -0.372518 1.839665 0.333930 -0.346583 0.876567 -0.736034
-0.174003 -0.936374 -0.304841 8.297635 0.926103 -0.050372 -0.373893 1.863018 0.334748 -0.347372 0.875942 -0.729058
-0.176547 -0.935836 -0.305028 8.319062 0.925651 -0.052488 -0.374722 1.885299 0.334668 -0.348506 0.875523 -0.722401
-0.189019 -0.933560 -0.304529 8.316686 0.924010 -0.064122 -0.376954 1.928453 0.332382 -0.352639 0.874738 -0.725998
-0.192815 -0.932661 -0.304904 8.333634 0.922898 -0.066828 -0.379202 1.952681 0.333290 -0.354511 0.873635 -0.716405
-0.198282 -0.931854 -0.303863 8.343602 0.922115 -0.072263 -0.380108 1.971888 0.332247 -0.355565 0.873604 -0.707325
-0.210635 -0.929276 -0.303446 8.337990 0.920067 -0.083566 -0.382745 2.013616 0.330318 -0.359810 0.872597 -0.710333
-0.215613 -0.928363 -0.302742 8.348856 0.919221 -0.088364 -0.383700 2.034079 0.329461 -0.361018 0.872422 -0.700685
-0.223673 -0.926494 -0.302620 8.360677 0.917525 -0.095408 -0.386064 2.060940 0.328813 -0.364014 0.871421 -0.704764
-0.230631 -0.925043 -0.301837 8.373759 0.915750 -0.101475 -0.388724 2.084903 0.328957 -0.366059 0.870510 -0.701806
-0.231387 -0.924906 -0.301677 8.398089 0.915267 -0.101847 -0.389762 2.105535 0.329768 -0.366301 0.870101 -0.691855
-0.242220 -0.922345 -0.301014 8.399681 0.912990 -0.111703 -0.392394 2.139389 0.328298 -0.369868 0.869147 -0.696384
-0.253233 -0.919632 -0.300251 8.397989 0.910765 -0.121992 -0.394495 2.173003 0.326162 -0.373357 0.868459 -0.693340
-0.255565 -0.919129 -0.299816 8.420079 0.909938 -0.123899 -0.395807 2.197234 0.326651 -0.373968 0.868013 -0.683759
-0.260041 -0.918112 -0.299080 8.433973 0.908439 -0.127632 -0.398058 2.216015 0.327290 -0.375207 0.867237 -0.672235
-0.270892 -0.915081 -0.298739 8.436513 0.905907 -0.137407 -0.400565 2.250540 0.325500 -0.379140 0.866199 -0.674126
-0.281045 -0.912253 -0.298007 8.443041 0.903385 -0.146675 -0.402968 2.280801 0.323899 -0.382467 0.865336 -0.677778
-0.291579 -0.909174 -0.297297 8.426052 0.901295 -0.157029 -0.403745 2.319317 0.320390 -0.385676 0.865219 -0.671267
-0.302530 -0.905638 -0.297147 8.428049 0.898533 -0.166976 -0.405905 2.352358 0.317986 -0.389795 0.864259 -0.672734
-0.310863 -0.903162 -0.296079 8.432084 0.896341 -0.174964 -0.407383 2.380685 0.316130 -0.392028 0.863930 -0.668096
-0.319569 -0.900213 -0.295790 8.418655 0.894465 -0.183560 -0.407723 2.416713 0.312742 -0.394869 0.863869 -0.663832
-0.330870 -0.896166 -0.295655 8.414933 0.891415 -0.193995 -0.409568 2.459524 0.309685 -0.399065 0.863042 -0.672816
-0.339596 -0.893200 -0.294734 8.403434 0.888883 -0.202321 -0.411040 2.491645 0.307510 -0.401571 0.862657 -0.665744
-0.352365 -0.888246 -0.294718 8.378102 0.885764 -0.214878 -0.411401 2.543039 0.302097 -0.406014 0.862490 -0.667881
-0.361402 -0.884705 -0.294425 8.386067 0.882915 -0.223196 -0.413092 2.571291 0.299750 -0.409245 0.861782 -0.669663
-0.373965 -0.879610 -0.294003 8.374701 0.878804 -0.234765 -0.415440 2.612914 0.296403 -0.413731 0.860797 -0.676558
-0.384915 -0.875081 -0.293384 8.347889 0.875556 -0.245654 -0.416001 2.660676 0.291963 -0.416999 0.860737 -0.679746
-0.394768 -0.870833 -0.292931 8.350599 0.872052 -0.254752 -0.417885 2.696398 0.289283 -0.420418 0.859978 -0.683910
-0.400953 -0.868259 -0.292169 8.358751 0.869660 -0.260497 -0.419326 2.722282 0.287974 -0.422218 0.859536 -0.674165
-0.409935 -0.864398 -0.291151 8.347026 0.866185 -0.268912 -0.421201 2.756799 0.285791 -0.424855 0.858964 -0.672939
