1.000000 0.000000 0.000000 0.000000 0.000000 1.000000 0.000000 0.000000 0.000000 0.000000 1.000000 0.000000
0.999995 0.002405 -0.002260 0.012513 -0.002404 0.999997 0.000277 -0.031632 0.002261 -0.000272 0.999997 -0.008364
0.999929 -0.011456 -0.003156 0.045561 0.011461 0.999933 0.001340 -0.035504 0.003141 -0.001376 0.999994 -0.035456
0.999832 -0.017596 -0.005115 0.064681 0.017598 0.999845 0.000369 -0.055585 0.005108 -0.000459 0.999987 -0.045482
0.999716 -0.022833 -0.006826 0.087797 0.022833 0.999739 -0.000154 -0.073335 0.006828 -0.000002 0.999977 -0.053587
0.999580 -0.027872 -0.007903 0.111884 0.027874 0.999611 0.000139 -0.089312 0.007896 -0.000359 0.999969 -0.059818
0.999467 -0.031395 -0.008916 0.131474 0.031394 0.999507 -0.000289 -0.113680 0.008921 0.000009 0.999960 -0.067106
0.998967 -0.044168 -0.010720 0.167705 0.044166 0.999024 -0.000478 -0.109927 0.010731 0.000004 0.999942 -0.084497
0.998686 -0.049896 -0.011651 0.189970 0.049883 0.998754 -0.001397 -0.124143 0.011706 0.000814 0.999931 -0.088707
0.998564 -0.052149 -0.012249 0.209230 0.052134 0.998639 -0.001549 -0.148094 0.012313 0.000908 0.999924 -0.097932
0.997833 -0.064076 -0.014934 0.238082 0.064088 0.997944 0.000286 -0.150739 0.014885 -0.001242 0.999888 -0.114689
0.997608 -0.067277 -0.015867 0.259503 0.067293 0.997733 0.000428 -0.172108 0.015802 -0.001494 0.999874 -0.122455
0.997037 -0.074949 -0.017341 0.285630 0.074956 0.997187 -0.000214 -0.184889 0.017308 -0.001087 0.999850 -0.133733
0.996211 -0.084895 -0.018884 0.322734 0.084891 0.996390 -0.001066 -0.180927 0.018907 -0.000541 0.999821 -0.140041
0.995540 -0.091793 -0.021777 0.341344 0.091790 0.995778 -0.001153 -0.197346 0.021791 -0.000851 0.999762 -0.151897
0.994958 -0.097494 -0.023518 0.370941 0.097485 0.995236 -0.001535 -0.212952 0.023555 -0.000765 0.999722 -0.161354
0.994530 -0.101509 -0.024631 0.396387 0.101494 0.994834 -0.001826 -0.232185 0.024689 -0.000684 0.999695 -0.171460
0.993408 -0.111223 -0.027748 0.419806 0.111220 0.993794 -0.001644 -0.239886 0.027759 -0.001453 0.999614 -0.190276
0.992468 -0.119056 -0.028871 0.444467 0.119038 0.992887 -0.002348 -0.243411 0.028945 -0.001106 0.999580 -0.191141
0.990816 -0.131729 -0.030505 0.492213 0.131703 0.991285 -0.002865 -0.225190 0.030617 -0.001179 0.999531 -0.207246
0.989485 -0.140860 -0.032827 0.514711 0.140845 0.990028 -0.002773 -0.237308 0.032890 -0.001880 0.999457 -0.230216
0.987555 -0.153582 -0.033870 0.558851 0.153552 0.988134 -0.003510 -0.221485 0.034008 -0.001735 0.999420 -0.240567
0.985596 -0.165376 -0.035384 0.598425 0.165323 0.986229 -0.004459 -0.208156 0.035634 -0.001455 0.999364 -0.250130
0.985048 -0.168528 -0.035769 0.620180 0.168463 0.985696 -0.004843 -0.228936 0.036073 -0.001255 0.999348 -0.254693
0.984387 -0.172054 -0.037140 0.643352 0.171964 0.985087 -0.005630 -0.249877 0.037555 -0.000845 0.999294 -0.261741
0.982665 -0.181250 -0.038972 0.668631 0.181129 0.983437 -0.006638 -0.255813 0.039529 -0.000536 0.999218 -0.266579
0.982036 -0.184426 -0.039909 0.690418 0.184295 0.982846 -0.006984 -0.275889 0.040512 -0.000496 0.999179 -0.273112
0.981421 -0.187358 -0.041353 0.714461 0.187201 0.982292 -0.007672 -0.298202 0.042058 -0.000212 0.999115 -0.280294
0.978977 -0.199307 -0.043370 0.753078 0.199149 0.979937 -0.007971 -0.289418 0.044088 -0.000834 0.999027 -0.296435
0.978366 -0.202042 -0.044490 0.780394 0.201863 0.979377 -0.008531 -0.309651 0.045296 -0.000634 0.998973 -0.306777
0.976734 -0.209317 -0.046656 0.802715 0.209102 0.977848 -0.009498 -0.318333 0.047611 -0.000479 0.998866 -0.311226
0.974720 -0.218129 -0.048377 0.833463 0.217885 0.975920 -0.010327 -0.313432 0.049464 -0.000474 0.998776 -0.316465
0.974390 -0.219324 -0.049613 0.858977 0.219051 0.975652 -0.010947 -0.337134 0.050806 -0.000201 0.998709 -0.326865
0.973738 -0.221796 -0.051391 0.880315 0.221504 0.975093 -0.011376 -0.357092 0.052634 -0.000306 0.998614 -0.327796
0.973350 -0.223294 -0.052243 0.902461 0.222985 0.974751 -0.011750 -0.378424 0.053548 -0.000213 0.998565 -0.332468
0.972722 -0.225570 -0.054125 0.929886 0.225191 0.974227 -0.013094 -0.395325 0.055684 0.000549 0.998448 -0.338290
0.972592 -0.225869 -0.055216 0.960325 0.225429 0.974157 -0.014142 -0.422663 0.056983 0.001307 0.998374 -0.355142
0.972202 -0.227293 -0.056216 0.990328 0.226813 0.973825 -0.014868 -0.444159 0.058124 0.001704 0.998308 -0.367033
0.971728 -0.229126 -0.056973 1.020919 0.228615 0.973395 -0.015421 -0.465573 0.058990 0.001961 0.998257 -0.380391
0.971222 -0.230938 -0.058271 1.052086 0.230418 0.972967 -0.015578 -0.487353 0.060294 0.001703 0.998179 -0.392877
0.970404 -0.233890 -0.060095 1.082416 0.233314 0.972261 -0.016532 -0.507668 0.062295 0.002022 0.998056 -0.405627
0.970477 -0.233399 -0.060817 1.110123 0.232802 0.972379 -0.016834 -0.534620 0.063066 0.002179 0.998007 -0.418022
0.969918 -0.235358 -0.062171 1.134060 0.234753 0.971907 -0.016968 -0.554927 0.064418 0.001863 0.997921 -0.422142
0.968467 -0.240887 -0.063608 1.156877 0.240261 0.970552 -0.017425 -0.568969 0.065932 0.001593 0.997823 -0.424826
0.968702 -0.239661 -0.064641 1.181172 0.239004 0.970855 -0.017825 -0.595915 0.067029 0.001818 0.997749 -0.433829
0.966887 -0.246470 -0.066202 1.209885 0.245836 0.969150 -0.017689 -0.600944 0.068520 0.000828 0.997649 -0.443084
0.966589 -0.247270 -0.067547 1.232255 0.246590 0.968946 -0.018355 -0.621761 0.069988 0.001085 0.997547 -0.447558
0.966510 -0.247211 -0.068881 1.256289 0.246512 0.968961 -0.018607 -0.648349 0.071342 0.001004 0.997451 -0.455930
0.964972 -0.252741 -0.070368 1.280775 0.252022 0.967534 -0.019063 -0.663127 0.072901 0.000661 0.997339 -0.464284
0.964054 -0.255757 -0.072037 1.303332 0.254993 0.966741 -0.019760 -0.679734 0.074694 0.000680 0.997206 -0.469635
0.962295 -0.261450 -0.075046 1.323142 0.260647 0.965217 -0.020484 -0.694137 0.077791 0.000151 0.996970 -0.483131
0.960622 -0.267075 -0.076662 1.350450 0.266185 0.963676 -0.021792 -0.705530 0.079697 0.000527 0.996819 -0.491676
0.958113 -0.275573 -0.077963 1.380657 0.274717 0.961280 -0.021715 -0.697676 0.080929 -0.000612 0.996720 -0.494370
0.957187 -0.278658 -0.078382 1.408041 0.277719 0.960391 -0.022854 -0.710706 0.081646 0.000107 0.996661 -0.496916
0.954807 -0.286313 -0.079806 1.436713 0.285353 0.958136 -0.023424 -0.707777 0.083171 -0.000407 0.996535 -0.500322
0.953191 -0.291188 -0.081468 1.470956 0.290157 0.956666 -0.024487 -0.714006 0.085067 -0.000298 0.996375 -0.505524
0.951367 -0.296733 -0.082769 1.503897 0.295632 0.954961 -0.025539 -0.720957 0.086619 -0.000172 0.996241 -0.511689
0.949863 -0.301271 -0.083641 1.538850 0.300095 0.953539 -0.026593 -0.732966 0.087767 0.000159 0.996141 -0.523543
0.947953 -0.306975 -0.084566 1.568197 0.305764 0.951718 -0.027237 -0.741418 0.088844 -0.000037 0.996046 -0.529062
0.946390 -0.311503 -0.085515 1.600818 0.310292 0.950245 -0.027441 -0.754302 0.089809 -0.000565 0.995959 -0.537502
0.944738 -0.315900 -0.087625 1.630473 0.314581 0.948793 -0.028830 -0.763572 0.092245 -0.000328 0.995736 -0.540807
0.940034 -0.329504 -0.088116 1.674756 0.328153 0.944154 -0.029812 -0.736837 0.093018 -0.000891 0.995664 -0.550228
0.938080 -0.334925 -0.088491 1.700747 0.333567 0.942244 -0.030160 -0.744468 0.093482 -0.001225 0.995620 -0.553362
0.935777 -0.340762 -0.090573 1.731528 0.339415 0.940147 -0.030356 -0.746377 0.095496 -0.002335 0.995427 -0.562808
0.933516 -0.346364 -0.092628 1.759733 0.344992 0.938095 -0.030956 -0.756058 0.097616 -0.003058 0.995219 -0.567615
0.931230 -0.351934 -0.094621 1.791068 0.350467 0.936020 -0.032254 -0.759411 0.099919 -0.003126 0.994991 -0.569757
0.929577 -0.355696 -0.096783 1.817883 0.354098 0.934597 -0.033799 -0.779520 0.102476 -0.002852 0.994731 -0.578297
0.926790 -0.362479 -0.098330 1.848821 0.360808 0.931987 -0.034910 -0.778630 0.104296 -0.003124 0.994541 -0.586314
0.924645 -0.367689 -0.099184 1.882050 0.365985 0.929943 -0.035529 -0.786733 0.105299 -0.003448 0.994435 -0.591695
0.925573 -0.364922 -0.100729 1.905293 0.363214 0.931031 -0.035462 -0.811601 0.106723 -0.003763 0.994282 -0.594805
0.925032 -0.366024 -0.101693 1.939119 0.364234 0.930599 -0.036320 -0.826945 0.107930 -0.003443 0.994153 -0.600766
0.925340 -0.364937 -0.102799 1.973800 0.363022 0.931029 -0.037427 -0.850623 0.109368 -0.002685 0.993998 -0.612367
0.925817 -0.363450 -0.103765 2.008026 0.361403 0.931612 -0.038569 -0.875434 0.110687 -0.001793 0.993854 -0.625882
0.924908 -0.365289 -0.105404 2.033075 0.363134 0.930893 -0.039647 -0.889178 0.112602 -0.001606 0.993639 -0.624911
0.924420 -0.366093 -0.106884 2.066351 0.363849 0.930577 -0.040493 -0.907336 0.114288 -0.001457 0.993447 -0.633939
0.924138 -0.366668 -0.107351 2.100862 0.364242 0.930352 -0.042109 -0.920260 0.115314 -0.000187 0.993329 -0.637945
0.923944 -0.366254 -0.110387 2.125402 0.363756 0.930515 -0.042709 -0.937635 0.118359 -0.000693 0.992971 -0.636448
0.924360 -0.364955 -0.111206 2.155957 0.362357 0.931025 -0.043471 -0.961399 0.119401 -0.000114 0.992846 -0.643883
0.923489 -0.366585 -0.113065 2.176442 0.363962 0.930384 -0.043781 -0.974382 0.121244 -0.000721 0.992623 -0.642202
0.924931 -0.362274 -0.115151 2.199375 0.359438 0.932071 -0.045246 -1.002140 0.123721 0.000460 0.992317 -0.644882
0.925423 -0.360987 -0.115242 2.228670 0.357916 0.932568 -0.047040 -1.022815 0.124452 0.002285 0.992223 -0.649545
0.923753 -0.364906 -0.116292 2.254895 0.361815 0.931043 -0.047422 -1.033325 0.125577 0.001730 0.992082 -0.654880
0.923138 -0.365894 -0.118061 2.279943 0.362801 0.930656 -0.047485 -1.051000 0.127249 0.001002 0.991870 -0.657660
0.922825 -0.366251 -0.119394 2.313413 0.363075 0.930515 -0.048139 -1.070918 0.128729 0.001075 0.991679 -0.666155
0.922359 -0.366774 -0.121372 2.338741 0.363567 0.930310 -0.048400 -1.089831 0.130665 0.000516 0.991427 -0.665316
0.921361 -0.368593 -0.123422 2.363417 0.365206 0.929590 -0.049861 -1.103580 0.133110 0.000866 0.991101 -0.667305
0.921261 -0.368485 -0.124485 2.394886 0.364991 0.929633 -0.050643 -1.125963 0.134387 0.001219 0.990928 -0.674809
0.920821 -0.369093 -0.125934 2.420797 0.365510 0.929392 -0.051319 -1.144858 0.135983 0.001225 0.990710 -0.676362
0.919722 -0.371153 -0.127889 2.446860 0.367543 0.928571 -0.051648 -1.160451 0.137924 0.000497 0.990443 -0.681971
0.918781 -0.373329 -0.128320 2.479814 0.369683 0.927699 -0.052049 -1.176155 0.138474 0.000384 0.990366 -0.689302
0.918308 -0.373717 -0.130563 2.503213 0.369791 0.927542 -0.054044 -1.191145 0.141299 0.001348 0.989966 -0.688006
0.917188 -0.375715 -0.132683 2.530727 0.371678 0.926735 -0.054943 -1.208093 0.143605 0.001078 0.989635 -0.693740
0.912918 -0.385072 -0.135274 2.562369 0.380966 0.922886 -0.056087 -1.198777 0.146440 -0.000332 0.989220 -0.708829
0.911779 -0.387226 -0.136805 2.598201 0.382979 0.921985 -0.057192 -1.214768 0.148279 -0.000247 0.988946 -0.719175
0.909670 -0.391852 -0.137665 2.619664 0.387642 0.920028 -0.057295 -1.216736 0.149107 -0.001245 0.988820 -0.715129
0.909241 -0.392506 -0.138631 2.650136 0.388161 0.919749 -0.058252 -1.234080 0.150370 -0.000846 0.988630 -0.717612
0.909403 -0.391923 -0.139220 2.681881 0.387489 0.919998 -0.058784 -1.255315 0.151121 -0.000488 0.988515 -0.725216
0.905357 -0.400805 -0.140298 2.716959 0.396415 0.916161 -0.059192 -1.242600 0.152260 -0.002026 0.988338 -0.730422
0.903724 -0.404129 -0.141285 2.748314 0.399713 0.914698 -0.059637 -1.252711 0.153334 -0.002579 0.988171 -0.736557
0.902718 -0.405850 -0.142780 2.776898 0.401451 0.913933 -0.059694 -1.270015 0.154718 -0.003432 0.987953 -0.741410
0.900143 -0.410761 -0.144972 2.802491 0.406069 0.911738 -0.061986 -1.277146 0.157638 -0.003072 0.987492 -0.745568
0.898773 -0.413371 -0.146055 2.829331 0.408677 0.910555 -0.062229 -1.290090 0.158715 -0.003759 0.987317 -0.747543
0.894604 -0.421890 -0.147283 2.857553 0.417206 0.906632 -0.062907 -1.281930 0.160071 -0.005170 0.987092 -0.745861
0.890451 -0.429657 -0.149971 2.888988 0.424935 0.902966 -0.063892 -1.275989 0.162871 -0.006835 0.986624 -0.753331
0.889828 -0.430492 -0.151271 2.917636 0.425705 0.902567 -0.064408 -1.294075 0.164259 -0.007085 0.986392 -0.761728
0.887871 -0.434198 -0.152172 2.946092 0.429274 0.900790 -0.065589 -1.302118 0.165553 -0.007089 0.986176 -0.764199
0.885575 -0.438106 -0.154333 2.974860 0.433137 0.898886 -0.066295 -1.314119 0.167772 -0.008138 0.985792 -0.768830
0.883468 -0.442087 -0.155060 3.003841 0.437075 0.896931 -0.066936 -1.323963 0.168670 -0.008637 0.985635 -0.771244
0.881406 -0.445709 -0.156417 3.031283 0.440779 0.895122 -0.066862 -1.335466 0.169813 -0.010013 0.985426 -0.776186
0.877861 -0.452014 -0.158251 3.058346 0.447047 0.891940 -0.067770 -1.341868 0.171783 -0.011253 0.985071 -0.777459
0.876767 -0.453807 -0.159180 3.083847 0.448756 0.891027 -0.068473 -1.351487 0.172907 -0.011398 0.984872 -0.778220
0.876283 -0.454569 -0.159669 3.113772 0.449450 0.890639 -0.068964 -1.369515 0.173557 -0.011331 0.984759 -0.788502
0.877002 -0.452890 -0.160490 3.147055 0.447592 0.891504 -0.069872 -1.391626 0.174722 -0.010556 0.984561 -0.798000
0.875114 -0.455947 -0.162137 3.180509 0.450611 0.889934 -0.070476 -1.403211 0.176425 -0.011386 0.984249 -0.805529
0.874248 -0.456981 -0.163885 3.216993 0.451534 0.889400 -0.071308 -1.417678 0.178346 -0.011659 0.983899 -0.812892
0.871337 -0.462182 -0.164798 3.242620 0.456621 0.886703 -0.072497 -1.421691 0.179634 -0.012081 0.983660 -0.811633
0.870991 -0.462549 -0.165599 3.276110 0.456925 0.886511 -0.072925 -1.438588 0.180536 -0.012149 0.983493 -0.818267
0.867065 -0.469447 -0.166788 3.305105 0.463738 0.882864 -0.074150 -1.444016 0.182060 -0.013053 0.983201 -0.824069
0.865711 -0.471374 -0.168377 3.334095 0.465573 0.881830 -0.074953 -1.460638 0.183811 -0.013504 0.982869 -0.830869
0.863808 -0.474302 -0.169919 3.366182 0.468463 0.880246 -0.075566 -1.470116 0.185412 -0.014326 0.982557 -0.834910
0.862312 -0.476650 -0.170948 3.397748 0.470818 0.878964 -0.075848 -1.481578 0.186410 -0.015081 0.982356 -0.839625
0.857475 -0.484638 -0.172808 3.431226 0.478812 0.874552 -0.076804 -1.464373 0.188352 -0.016885 0.981957 -0.843284
0.851764 -0.493863 -0.174921 3.462007 0.488172 0.869319 -0.077277 -1.459485 0.190226 -0.019570 0.981545 -0.856800
0.851532 -0.494105 -0.175363 3.492020 0.488313 0.869187 -0.077872 -1.476078 0.190900 -0.019321 0.981420 -0.863302
0.848363 -0.499141 -0.176464 3.522255 0.493235 0.866292 -0.079104 -1.483049 0.192353 -0.019930 0.981124 -0.868603
0.846346 -0.501772 -0.178672 3.548624 0.495825 0.864745 -0.079842 -1.491820 0.194568 -0.021017 0.980664 -0.871548
0.844501 -0.504389 -0.180024 3.580655 0.498393 0.863203 -0.080526 -1.503971 0.196014 -0.021718 0.980361 -0.875973
0.841913 -0.508209 -0.181402 3.611753 0.502147 0.860939 -0.081436 -1.512808 0.197562 -0.022529 0.980032 -0.879868
0.841345 -0.509032 -0.181728 3.643017 0.503024 0.860440 -0.081299 -1.529007 0.197750 -0.023013 0.979982 -0.887573
0.841264 -0.508601 -0.183305 3.678768 0.502466 0.860694 -0.082063 -1.546868 0.199507 -0.023068 0.979625 -0.894830
0.839125 -0.511317 -0.185538 3.716280 0.504894 0.859080 -0.084040 -1.554828 0.202363 -0.023157 0.979037 -0.902867
0.839224 -0.510525 -0.187259 3.753052 0.504054 0.859540 -0.084388 -1.570524 0.204039 -0.023568 0.978679 -0.909811
0.833810 -0.518850 -0.188561 3.781149 0.512364 0.854493 -0.085589 -1.559473 0.205532 -0.025247 0.978325 -0.921397
0.829566 -0.525424 -0.189077 3.810868 0.518921 0.850433 -0.086517 -1.541723 0.206256 -0.026344 0.978144 -0.922951
0.824869 -0.531751 -0.191920 3.841191 0.524797 0.846481 -0.089765 -1.545777 0.210189 -0.026674 0.977297 -0.935367
0.823108 -0.534037 -0.193126 3.870622 0.526908 0.845035 -0.091017 -1.552064 0.211805 -0.026843 0.976944 -0.934918
0.822846 -0.533784 -0.194933 3.901537 0.526524 0.845187 -0.091820 -1.568800 0.213767 -0.027083 0.976509 -0.936391
0.823488 -0.532539 -0.195627 3.936454 0.525157 0.845984 -0.092313 -1.585417 0.214657 -0.026717 0.976324 -0.941842
0.822878 -0.533493 -0.195593 3.964758 0.526097 0.845380 -0.092491 -1.598511 0.214693 -0.026792 0.976314 -0.943967
0.818890 -0.539003 -0.197220 3.996938 0.531678 0.841817 -0.093073 -1.599261 0.216189 -0.028641 0.975931 -0.952574
0.817235 -0.540704 -0.199415 4.025095 0.533292 0.840694 -0.093986 -1.607149 0.218465 -0.029538 0.975398 -0.953297
0.817478 -0.540052 -0.200183 4.058061 0.532438 0.841132 -0.094907 -1.623154 0.219635 -0.029001 0.975151 -0.957330
0.816605 -0.540509 -0.202501 4.093826 0.532775 0.840816 -0.095811 -1.635793 0.222052 -0.029648 0.974584 -0.966091
0.816749 -0.540279 -0.202531 4.123971 0.532438 0.840979 -0.096256 -1.651443 0.222329 -0.029218 0.974534 -0.968808
0.814758 -0.543050 -0.203139 4.152424 0.535171 0.839172 -0.096864 -1.659035 0.223071 -0.029793 0.974347 -0.969553
0.812777 -0.545376 -0.204836 4.179946 0.537232 0.837657 -0.098554 -1.666170 0.225331 -0.029942 0.973822 -0.971617
0.812124 -0.546074 -0.205566 4.216458 0.537778 0.837206 -0.099404 -1.679214 0.226383 -0.029820 0.973582 -0.978208
0.811109 -0.547034 -0.207018 4.255070 0.538533 0.836577 -0.100603 -1.694351 0.228219 -0.029886 0.973151 -0.986586
0.808096 -0.551004 -0.208268 4.286704 0.542425 0.833933 -0.101640 -1.698552 0.229686 -0.030835 0.972776 -0.992286
0.809719 -0.547703 -0.210657 4.321346 0.538983 0.836104 -0.102118 -1.717941 0.232061 -0.030854 0.972212 -0.996535
0.808318 -0.548812 -0.213137 4.349395 0.540077 0.835329 -0.102680 -1.725932 0.234392 -0.032113 0.971612 -0.993158
0.809426 -0.546402 -0.215114 4.384653 0.537470 0.836916 -0.103430 -1.743423 0.236547 -0.031898 0.971096 -0.996335
0.807662 -0.548284 -0.216948 4.411732 0.539040 0.835682 -0.105224 -1.750644 0.238992 -0.031958 0.970495 -0.994727
0.806998 -0.548945 -0.217748 4.444125 0.539745 0.835223 -0.105248 -1.763748 0.239644 -0.032593 0.970314 -0.998396
0.804070 -0.552556 -0.219436 4.477603 0.543169 0.832808 -0.106761 -1.767512 0.241740 -0.033347 0.969768 -1.004487
0.804129 -0.552209 -0.220096 4.510012 0.542921 0.833015 -0.106409 -1.780180 0.242103 -0.033928 0.969657 -1.004771
0.804079 -0.551804 -0.221288 4.545344 0.542530 0.833262 -0.106469 -1.796356 0.243141 -0.034446 0.969379 -1.009972
0.803943 -0.551513 -0.222507 4.579667 0.542128 0.833450 -0.107046 -1.812082 0.244486 -0.034568 0.969037 -1.014282
0.800311 -0.556220 -0.223876 4.610172 0.546997 0.830229 -0.107302 -1.814714 0.245552 -0.036585 0.968693 -1.014150
0.797181 -0.560296 -0.224880 4.638775 0.551157 0.827418 -0.107732 -1.819954 0.246431 -0.038062 0.968413 -1.014479
0.795025 -0.562755 -0.226367 4.665628 0.553766 0.825671 -0.107758 -1.826790 0.247546 -0.039684 0.968063 -1.011582
0.790965 -0.567854 -0.227850 4.691603 0.559004 0.822070 -0.108240 -1.829379 0.248773 -0.041755 0.967662 -1.009296
0.786780 -0.573005 -0.229439 4.715456 0.564332 0.818369 -0.108632 -1.829215 0.250012 -0.044011 0.967242 -1.006205
0.779781 -0.581607 -0.231678 4.743389 0.573096 0.812102 -0.109783 -1.811607 0.251997 -0.047167 0.966578 -1.010311
0.775325 -0.587071 -0.232849 4.766563 0.578553 0.808068 -0.110915 -1.813485 0.253272 -0.048720 0.966168 -1.007439
0.771542 -0.591338 -0.234612 4.794453 0.582904 0.804834 -0.111647 -1.815215 0.254845 -0.050616 0.965657 -1.002521
0.765397 -0.598219 -0.237279 4.826219 0.589828 0.799557 -0.113191 -1.808345 0.257431 -0.053317 0.964825 -1.007736
0.758956 -0.605631 -0.239159 4.854315 0.597510 0.793738 -0.113851 -1.788587 0.258781 -0.056492 0.964283 -1.004611
0.759324 -0.604680 -0.240393 4.890150 0.596350 0.794482 -0.114743 -1.800646 0.260370 -0.056232 0.963870 -1.005841
0.758318 -0.605357 -0.241863 4.916605 0.596578 0.794004 -0.116840 -1.809898 0.262770 -0.055688 0.963250 -1.004735
0.755723 -0.608029 -0.243276 4.948093 0.599207 0.791883 -0.117780 -1.812707 0.264260 -0.056764 0.962780 -1.000983
0.753056 -0.610841 -0.244501 4.981875 0.601905 0.789657 -0.118962 -1.816504 0.265738 -0.057581 0.962324 -1.000323
0.753100 -0.610472 -0.245283 5.016345 0.601400 0.789951 -0.119565 -1.833723 0.266752 -0.057469 0.962050 -1.003933
0.752069 -0.611418 -0.246089 5.055897 0.602270 0.789193 -0.120190 -1.841298 0.267698 -0.057820 0.961766 -1.010250
0.751402 -0.611777 -0.247231 5.091907 0.602513 0.788894 -0.120930 -1.852455 0.269021 -0.058093 0.961381 -1.014158
0.751881 -0.610653 -0.248550 5.124065 0.601372 0.789740 -0.121089 -1.865122 0.270233 -0.058427 0.961021 -1.013024
0.752757 -0.609292 -0.249238 5.161647 0.599863 0.790820 -0.121526 -1.880103 0.271147 -0.058029 0.960787 -1.018749
0.752292 -0.609621 -0.249837 5.198835 0.600219 0.790535 -0.121622 -1.889516 0.271649 -0.058462 0.960619 -1.021401
0.750253 -0.611940 -0.250301 5.226908 0.602398 0.788718 -0.122641 -1.895023 0.272466 -0.058769 0.960369 -1.023556
0.744688 -0.618303 -0.251278 5.254169 0.608612 0.783632 -0.124547 -1.893474 0.273918 -0.060182 0.959868 -1.041243
0.740369 -0.622811 -0.252904 5.280968 0.612725 0.780004 -0.127131 -1.899679 0.276444 -0.060837 0.959103 -1.054756
0.740179 -0.622421 -0.254417 5.317556 0.612212 0.780292 -0.127833 -1.910990 0.278086 -0.061138 0.958609 -1.055932
0.738758 -0.623782 -0.255211 5.350585 0.613487 0.779169 -0.128571 -1.917869 0.279053 -0.061586 0.958299 -1.056652
0.739495 -0.622373 -0.256512 5.386429 0.611827 0.780325 -0.129465 -1.932314 0.280738 -0.061202 0.957831 -1.058092
0.738764 -0.622454 -0.258415 5.422518 0.611847 0.780198 -0.130128 -1.943118 0.282614 -0.061977 0.957230 -1.060398
0.734826 -0.626502 -0.259856 5.448989 0.615869 0.776826 -0.131327 -1.946140 0.284139 -0.063535 0.956676 -1.064686
0.732632 -0.628593 -0.260999 5.487458 0.617840 0.775076 -0.132404 -1.949152 0.285522 -0.064252 0.956216 -1.065378
0.731192 -0.629775 -0.262186 5.524369 0.618844 0.774085 -0.133513 -1.953914 0.287037 -0.064629 0.955737 -1.066336
0.729856 -0.631000 -0.262962 5.563078 0.619725 0.773107 -0.135077 -1.958981 0.288531 -0.064377 0.955304 -1.067540
0.728116 -0.632431 -0.264346 5.602846 0.620970 0.771893 -0.136302 -1.965223 0.290248 -0.064907 0.954748 -1.067378
0.727374 -0.633252 -0.264420 5.642121 0.621702 0.771220 -0.136773 -1.970411 0.290537 -0.064906 0.954660 -1.068665
0.728396 -0.631656 -0.265424 5.681756 0.620010 0.772539 -0.137011 -1.983333 0.291594 -0.064767 0.954347 -1.072368
0.729060 -0.630807 -0.265621 5.721159 0.619128 0.773249 -0.136994 -1.994170 0.291807 -0.064577 0.954295 -1.076517
0.726735 -0.633135 -0.266451 5.758558 0.621652 0.771217 -0.137017 -1.996433 0.292242 -0.066065 0.954060 -1.079530
0.726502 -0.633212 -0.266903 5.795049 0.621628 0.771156 -0.137468 -2.006642 0.292870 -0.066043 0.953869 -1.082120
0.723060 -0.636551 -0.268303 5.824468 0.624968 0.768270 -0.138476 -2.006608 0.294277 -0.067554 0.953330 -1.079127
0.720720 -0.638491 -0.269984 5.857691 0.626942 0.766534 -0.139174 -2.010153 0.295813 -0.068959 0.952754 -1.080970
0.721167 -0.637366 -0.271446 5.896107 0.625576 0.767485 -0.140078 -2.020868 0.297611 -0.068791 0.952206 -1.081518
0.720518 -0.637624 -0.272561 5.927085 0.625742 0.767236 -0.140699 -2.032161 0.298832 -0.069177 0.951795 -1.080963
0.716550 -0.641222 -0.274573 5.957624 0.629193 0.764091 -0.142412 -2.031411 0.301116 -0.070714 0.950962 -1.085692
0.714569 -0.643303 -0.274867 5.989045 0.630954 0.762352 -0.143933 -2.032095 0.302138 -0.070578 0.950648 -1.080379
0.714750 -0.642749 -0.275690 6.024386 0.630302 0.762816 -0.144331 -2.045035 0.303070 -0.070608 0.950349 -1.082167
0.714509 -0.642628 -0.276595 6.063091 0.629993 0.762922 -0.145116 -2.054581 0.304276 -0.070566 0.949967 -1.084684
0.714829 -0.641834 -0.277613 6.099582 0.628978 0.763612 -0.145888 -2.065186 0.305625 -0.070328 0.949551 -1.086834
0.708661 -0.647822 -0.279509 6.131308 0.634748 0.758352 -0.148315 -2.050003 0.308048 -0.072313 0.948619 -1.093880
0.703925 -0.651940 -0.281894 6.168969 0.638481 0.754681 -0.150990 -2.046672 0.311177 -0.073699 0.947490 -1.097349
0.693927 -0.662598 -0.281830 6.204298 0.649501 0.744965 -0.152238 -1.999268 0.310826 -0.077406 0.947309 -1.091297
0.692282 -0.663818 -0.283003 6.243094 0.650300 0.743883 -0.154104 -2.001623 0.312818 -0.077354 0.946658 -1.088768
0.683686 -0.671961 -0.284677 6.273344 0.658464 0.736192 -0.156350 -1.977692 0.314638 -0.080555 0.945787 -1.080538
0.682586 -0.672973 -0.284925 6.308542 0.659151 0.735305 -0.157630 -1.982168 0.315588 -0.080212 0.945500 -1.076619
0.676533 -0.678570 -0.286086 6.334643 0.664446 0.729974 -0.160155 -1.980766 0.317512 -0.081739 0.944725 -1.083332
0.673817 -0.681115 -0.286448 6.367637 0.667218 0.727435 -0.160182 -1.983174 0.317475 -0.083190 0.944610 -1.083092
0.669105 -0.685276 -0.287566 6.400252 0.671543 0.723261 -0.161007 -1.977171 0.318319 -0.085382 0.944131 -1.082073
0.666857 -0.687125 -0.288375 6.429564 0.673416 0.721381 -0.161618 -1.979884 0.319080 -0.086420 0.943779 -1.079947
0.659025 -0.694021 -0.289862 6.456158 0.680597 0.714317 -0.162906 -1.959410 0.320114 -0.089921 0.943102 -1.083374
0.655926 -0.696193 -0.291678 6.484749 0.683158 0.711879 -0.162861 -1.958419 0.321022 -0.092437 0.942550 -1.078708
0.651890 -0.699426 -0.292989 6.508920 0.686604 0.708416 -0.163470 -1.959368 0.321893 -0.094603 0.942038 -1.073584
0.646212 -0.704003 -0.294602 6.539852 0.691245 0.703537 -0.164971 -1.953886 0.323403 -0.097036 0.941273 -1.077049
0.641423 -0.707945 -0.295617 6.564658 0.695334 0.699275 -0.165906 -1.949308 0.324170 -0.099136 0.940790 -1.072373
0.638699 -0.709994 -0.296601 6.592089 0.697593 0.696960 -0.166166 -1.953744 0.324696 -0.100777 0.940434 -1.069639
0.632572 -0.714754 -0.298292 6.618249 0.702538 0.691658 -0.167482 -1.940672 0.326024 -0.103617 0.939666 -1.072749
0.625733 -0.720543 -0.298792 6.638674 0.708757 0.685159 -0.167989 -1.919529 0.325763 -0.106654 0.939416 -1.064852
0.622180 -0.723280 -0.299596 6.664390 0.711579 0.682031 -0.168788 -1.920818 0.326415 -0.108170 0.939017 -1.060498
0.613151 -0.730465 -0.300775 6.689327 0.719139 0.673709 -0.170159 -1.884633 0.326931 -0.111966 0.938392 -1.061869
0.607965 -0.734520 -0.301429 6.716200 0.723363 0.668938 -0.171078 -1.873873 0.327298 -0.114033 0.938015 -1.054958
0.604162 -0.736759 -0.303602 6.748450 0.725497 0.666162 -0.172866 -1.871014 0.329608 -0.115823 0.936986 -1.052489
0.602414 -0.737813 -0.304513 6.775382 0.726399 0.664893 -0.173961 -1.873178 0.330819 -0.116402 0.936488 -1.044428
0.599002 -0.740322 -0.305155 6.808461 0.729001 0.661847 -0.174686 -1.870711 0.331290 -0.117821 0.936144 -1.042297
0.593900 -0.744093 -0.305954 6.835066 0.732978 0.657211 -0.175549 -1.866202 0.331701 -0.119999 0.935722 -1.036836
0.587924 -0.748072 -0.307787 6.863538 0.737036 0.652190 -0.177274 -1.862297 0.333349 -0.122626 0.934795 -1.039233
0.582231 -0.752258 -0.308409 6.897217 0.741258 0.646989 -0.178719 -1.849497 0.333980 -0.124555 0.934314 -1.036297
0.580049 -0.753781 -0.308800 6.933115 0.742844 0.645039 -0.179183 -1.847964 0.334253 -0.125456 0.934096 -1.037854
0.576463 -0.756313 -0.309324 6.965071 0.745485 0.641786 -0.179897 -1.844744 0.334579 -0.126893 0.933785 -1.035768
0.571662 -0.759662 -0.310025 6.996257 0.749102 0.637386 -0.180514 -1.839532 0.334735 -0.129047 0.933434 -1.033476
0.569740 -0.760819 -0.310726 7.027606 0.750368 0.635790 -0.180883 -1.842260 0.335176 -0.130102 0.933129 -1.030526
0.565677 -0.763227 -0.312241 7.053061 0.753102 0.632395 -0.181424 -1.840522 0.335927 -0.132522 0.932518 -1.026126
0.560131 -0.767006 -0.312978 7.077759 0.757270 0.627254 -0.181920 -1.832997 0.335850 -0.135109 0.932175 -1.019171
0.556476 -0.769447 -0.313506 7.111929 0.759751 0.623971 -0.182863 -1.825696 0.336322 -0.136428 0.931813 -1.019143
0.551771 -0.772579 -0.314118 7.139434 0.762987 0.619698 -0.183915 -1.821865 0.336747 -0.138189 0.931400 -1.014941
0.547482 -0.775400 -0.314670 7.170169 0.765936 0.615789 -0.184784 -1.815056 0.337052 -0.139852 0.931041 -1.012542
0.542496 -0.778484 -0.315690 7.201130 0.769356 0.611322 -0.185407 -1.806482 0.337325 -0.142296 0.930572 -1.008469
0.539800 -0.780013 -0.316536 7.238192 0.770882 0.609108 -0.186358 -1.803355 0.338166 -0.143416 0.930094 -1.009357
0.532463 -0.784845 -0.317019 7.262574 0.775930 0.602241 -0.187719 -1.784592 0.338252 -0.146032 0.929656 -1.004014
0.522206 -0.791145 -0.318416 7.284230 0.782524 0.592950 -0.189909 -1.755484 0.339051 -0.149996 0.928733 -1.009464
0.517068 -0.794010 -0.319671 7.315181 0.785609 0.588500 -0.191012 -1.746792 0.339791 -0.152370 0.928076 -1.006842
0.508664 -0.798667 -0.321546 7.337522 0.790854 0.581054 -0.192163 -1.725164 0.340310 -0.156550 0.927190 -1.000543
0.501203 -0.803048 -0.322349 7.361557 0.795862 0.574029 -0.192598 -1.711717 0.339703 -0.160015 0.926821 -0.996739
0.494980 -0.806555 -0.323208 7.389220 0.799627 0.568376 -0.193766 -1.703995 0.339987 -0.162535 0.926278 -0.993258
0.481369 -0.814868 -0.322914 7.416032 0.809018 0.554821 -0.194071 -1.635127 0.337301 -0.167824 0.926317 -0.991298
0.468601 -0.822011 -0.323589 7.438856 0.817134 0.542522 -0.194840 -1.579144 0.335715 -0.173113 0.925920 -0.988068
0.458054 -0.827084 -0.325758 7.457042 0.822966 0.533095 -0.196311 -1.550713 0.336025 -0.178167 0.924848 -0.984547
0.439835 -0.836655 -0.326426 7.485367 0.834332 0.515165 -0.196203 -1.460391 0.332317 -0.186051 0.924635 -0.985713
0.430564 -0.841034 -0.327532 7.511324 0.839046 0.506704 -0.198124 -1.447257 0.332590 -0.189510 0.923834 -0.986419
0.416730 -0.847036 -0.329947 7.527803 0.846106 0.494126 -0.199861 -1.390826 0.332325 -0.195882 0.922600 -0.988968
0.396358 -0.856393 -0.330895 7.555127 0.857219 0.474261 -0.200629 -1.284024 0.328747 -0.204129 0.922094 -0.997312
0.383289 -0.861287 -0.333578 7.571246 0.863620 0.462254 -0.201199 -1.231299 0.327488 -0.210967 0.921002 -0.995087
0.366927 -0.868011 -0.334547 7.591296 0.871585 0.446478 -0.202478 -1.153078 0.325121 -0.217291 0.920370 -0.995623
0.351835 -0.873906 -0.335410 7.607226 0.878286 0.432136 -0.204626 -1.093904 0.323766 -0.222592 0.919581 -0.991763
0.344180 -0.876541 -0.336474 7.628826 0.881157 0.425300 -0.206598 -1.080738 0.324193 -0.225380 0.918750 -0.984630
0.332224 -0.880654 -0.337752 7.649674 0.885927 0.414240 -0.208659 -1.043754 0.323666 -0.229902 0.917816 -0.995041
0.319603 -0.884501 -0.339871 7.662652 0.890577 0.402899 -0.211058 -1.000517 0.323614 -0.235226 0.916484 -0.990214
0.311418 -0.887091 -0.340718 7.680189 0.893679 0.395287 -0.212337 -0.979464 0.323043 -0.238367 0.915873 -0.983895
0.299610 -0.890619 -0.342098 7.694659 0.897575 0.384677 -0.215368 -0.944267 0.323408 -0.242532 0.914650 -0.987093
0.291987 -0.892714 -0.343228 7.708551 0.900485 0.377527 -0.215872 -0.921634 0.322290 -0.246039 0.914108 -0.981757
0.280834 -0.896085 -0.343750 7.724261 0.904147 0.367157 -0.218438 -0.886661 0.321949 -0.249456 0.913302 -0.992894
0.270774 -0.898627 -0.345182 7.737604 0.906945 0.358345 -0.221449 -0.857977 0.322695 -0.253098 0.912036 -0.986865
0.253678 -0.903744 -0.344809 7.743384 0.913087 0.341384 -0.223001 -0.783273 0.319248 -0.258270 0.911799 -0.985707
0.239298 -0.907833 -0.344348 7.749493 0.917959 0.327091 -0.224417 -0.726061 0.316366 -0.262394 0.911626 -0.979148
0.227793 -0.910293 -0.345655 7.753889 0.921539 0.316187 -0.225372 -0.683556 0.314446 -0.267196 0.910895 -0.972033
0.216340 -0.912697 -0.346672 7.763214 0.924326 0.305802 -0.228269 -0.648665 0.314353 -0.271055 0.909786 -0.974510
0.204343 -0.914893 -0.348159 7.772870 0.927509 0.294680 -0.229980 -0.613260 0.313002 -0.275926 0.908787 -0.970141
0.191995 -0.917471 -0.348403 7.777693 0.931048 0.282530 -0.230927 -0.569294 0.310303 -0.280043 0.908454 -0.963986
0.171539 -0.921446 -0.348585 7.781215 0.936798 0.262081 -0.231781 -0.479216 0.304931 -0.286794 0.908167 -0.970207
0.156964 -0.923926 -0.348887 7.778805 0.940492 0.247648 -0.232693 -0.423106 0.301392 -0.291601 0.907817 -0.963840
0.139206 -0.926883 -0.348583 7.784417 0.944824 0.229725 -0.233523 -0.344167 0.296527 -0.296842 0.907721 -0.966772
0.125984 -0.928472 -0.349382 7.792295 0.947057 0.217409 -0.236254 -0.302052 0.295314 -0.301121 0.906706 -0.974710
0.112470 -0.930087 -0.349697 7.791054 0.949737 0.204095 -0.237371 -0.255400 0.292147 -0.305423 0.906293 -0.971030
0.096405 -0.931850 -0.349802 7.788589 0.952569 0.188295 -0.239077 -0.193920 0.288650 -0.310162 0.905804 -0.969217
0.074910 -0.933800 -0.349866 7.777856 0.956094 0.166942 -0.240860 -0.108289 0.283323 -0.316462 0.905307 -0.974234
0.059913 -0.935061 -0.349387 7.770208 0.958071 0.152118 -0.242819 -0.057968 0.280198 -0.320189 0.904969 -0.970712
0.048325 -0.935597 -0.349747 7.777293 0.958725 0.141676 -0.246522 -0.024817 0.280196 -0.323398 0.903827 -0.969713
0.027808 -0.936352 -0.349958 7.760276 0.961172 0.121201 -0.247909 0.054064 0.274546 -0.329476 0.903366 -0.974592
0.011982 -0.936784 -0.349701 7.749986 0.962528 0.105560 -0.249794 0.113637 0.270918 -0.333604 0.902946 -0.984982
-0.008183 -0.936950 -0.349366 7.735217 0.964447 0.084897 -0.250270 0.198515 0.264151 -0.338992 0.902944 -0.996099
-0.025889 -0.936458 -0.349822 7.720530 0.965415 0.067395 -0.251858 0.270169 0.259430 -0.344244 0.902326 -1.000486
-0.039726 -0.935839 -0.350182 7.716523 0.965598 0.054181 -0.254333 0.312975 0.256987 -0.348238 0.901492 -0.998764
-0.055789 -0.935204 -0.349687 7.704123 0.966055 0.037922 -0.255539 0.372889 0.252241 -0.352073 0.901343 -1.001878
-0.068986 -0.934241 -0.349905 7.698828 0.965770 0.025375 -0.258156 0.418230 0.250059 -0.355737 0.900512 -1.002248
-0.084515 -0.933018 -0.349762 7.681105 0.965231 0.010480 -0.261187 0.485160 0.247358 -0.359675 0.899693 -1.009434
-0.098874 -0.931666 -0.349601 7.678213 0.964560 -0.003360 -0.263842 0.530829 0.244638 -0.363299 0.898981 -1.017015
-0.114199 -0.929895 -0.349646 7.663409 0.963464 -0.017835 -0.267245 0.581314 0.242274 -0.367390 0.897958 -1.018112
-0.136207 -0.926901 -0.349715 7.639343 0.962527 -0.040258 -0.268181 0.683740 0.234498 -0.373138 0.897652 -1.038190
-0.152503 -0.924345 -0.349754 7.620548 0.960829 -0.055804 -0.271467 0.742480 0.231411 -0.377453 0.896648 -1.053217
-0.172347 -0.921274 -0.348639 7.591094 0.958688 -0.075565 -0.274238 0.818359 0.226304 -0.381500 0.896239 -1.061925
-0.183765 -0.919199 -0.348287 7.579125 0.957448 -0.087164 -0.275128 0.862804 0.222539 -0.384025 0.896103 -1.061903
-0.191438 -0.917812 -0.347810 7.592641 0.956126 -0.094324 -0.277354 0.883233 0.221752 -0.385646 0.895602 -1.054805
-0.201075 -0.915966 -0.347239 7.596699 0.954529 -0.103562 -0.279553 0.910254 0.220100 -0.387660 0.895140 -1.048110
-0.209306 -0.914025 -0.347490 7.604231 0.953119 -0.111279 -0.281392 0.940773 0.218531 -0.390096 0.894466 -1.042590
-0.218063 -0.912365 -0.346465 7.616849 0.951177 -0.119232 -0.284685 0.966983 0.218427 -0.391629 0.893821 -1.037676
-0.225042 -0.910899 -0.345859 7.625172 0.949748 -0.125814 -0.286616 0.998076 0.217564 -0.392980 0.893439 -1.029905
-0.232664 -0.910129 -0.342829 7.622620 0.948101 -0.133700 -0.288494 1.037319 0.216731 -0.392159 0.894002 -1.019947
-0.231046 -0.911173 -0.341145 7.650282 0.947955 -0.131863 -0.289817 1.049639 0.219089 -0.390351 0.894218 -1.003228
-0.233565 -0.910691 -0.340717 7.666312 0.947160 -0.133860 -0.291494 1.067737 0.219852 -0.390796 0.893836 -0.985582
-0.233652 -0.911039 -0.339725 7.684270 0.946623 -0.133342 -0.293470 1.085731 0.222063 -0.390161 0.893567 -0.968504
-0.232517 -0.911555 -0.339122 7.706222 0.946440 -0.131750 -0.294777 1.100704 0.224026 -0.389498 0.893366 -0.951523
-0.237876 -0.910859 -0.337267 7.713219 0.944979 -0.136749 -0.297177 1.124101 0.224565 -0.389402 0.893273 -0.938849
-0.240184 -0.910394 -0.336889 7.730052 0.944244 -0.138598 -0.298652 1.142337 0.225199 -0.389837 0.892924 -0.923771
-0.243846 -0.909775 -0.335926 7.745306 0.943159 -0.141811 -0.300569 1.160186 0.225812 -0.390124 0.892643 -0.909012
-0.249242 -0.908644 -0.335029 7.754681 0.941933 -0.147064 -0.301883 1.177344 0.225033 -0.390816 0.892537 -0.892847
-0.247186 -0.909389 -0.334528 7.778069 0.941902 -0.144477 -0.303228 1.197086 0.227420 -0.390046 0.892269 -0.878613
-0.249247 -0.909116 -0.333740 7.789104 0.941365 -0.146520 -0.303913 1.214159 0.227392 -0.389921 0.892331 -0.862243
-0.247105 -0.910190 -0.332403 7.815726 0.941271 -0.144008 -0.305403 1.232375 0.230106 -0.388348 0.892321 -0.846263
-0.252455 -0.909202 -0.331085 7.819116 0.940144 -0.149537 -0.306217 1.253669 0.228903 -0.388573 0.892532 -0.833011
-0.253212 -0.909296 -0.330248 7.838952 0.939596 -0.149887 -0.307722 1.270931 0.230311 -0.388219 0.892324 -0.817443
-0.263728 -0.907012 -0.328293 7.824226 0.937392 -0.160728 -0.308970 1.300176 0.227473 -0.389223 0.892615 -0.808707
-0.267645 -0.906717 -0.325928 7.833792 0.936045 -0.164483 -0.311072 1.320884 0.228444 -0.388340 0.892751 -0.796426
-0.275737 -0.904933 -0.324136 7.826478 0.934266 -0.172990 -0.311803 1.351107 0.226089 -0.388804 0.893149 -0.787086
-0.283587 -0.902788 -0.323345 7.834738 0.931796 -0.179751 -0.315351 1.371197 0.226573 -0.390720 0.892189 -0.786248
-0.289556 -0.901100 -0.322763 7.836659 0.930186 -0.185422 -0.316817 1.395100 0.225637 -0.391966 0.891881 -0.773789
-0.298867 -0.898540 -0.321408 7.830211 0.927466 -0.194194 -0.319523 1.429531 0.224689 -0.393590 0.891405 -0.771283
-0.306868 -0.896412 -0.319806 7.823045 0.925072 -0.201920 -0.321666 1.461301 0.223770 -0.394553 0.891210 -0.761197
-0.312945 -0.894617 -0.318943 7.825287 0.923315 -0.207852 -0.322935 1.479224 0.222610 -0.395546 0.891060 -0.747502
-0.325967 -0.890342 -0.317861 7.805589 0.919648 -0.220718 -0.324856 1.526481 0.219075 -0.398212 0.890748 -0.746093
-0.333248 -0.887883 -0.317189 7.801730 0.917614 -0.228127 -0.325489 1.551011 0.216637 -0.399525 0.890757 -0.737393
-0.345823 -0.883747 -0.315273 7.779209 0.913805 -0.240939 -0.326968 1.591419 0.212995 -0.401171 0.890895 -0.733535
-0.356114 -0.879941 -0.314462 7.765506 0.910439 -0.250944 -0.328829 1.630899 0.210437 -0.403399 0.890497 -0.730943
-0.369932 -0.874433 -0.313875 7.736650 0.906248 -0.265227 -0.329196 1.686577 0.204612 -0.406228 0.890569 -0.733395
-0.380330 -0.870336 -0.312833 7.717669 0.902799 -0.275952 -0.329855 1.720682 0.200757 -0.407879 0.890691 -0.728380
-0.402160 -0.860533 -0.312651 7.655868 0.895220 -0.297986 -0.331339 1.824994 0.191962 -0.413142 0.890204 -0.762315
-0.417113 -0.853404 -0.312597 7.622065 0.889424 -0.312551 -0.333522 1.872831 0.186926 -0.417147 0.889408 -0.781694
-0.429945 -0.846998 -0.312635 7.598531 0.884263 -0.325129 -0.335216 1.920135 0.182280 -0.420576 0.888757 -0.787649
-0.443389 -0.840338 -0.311829 7.561374 0.878885 -0.339299 -0.335316 1.980248 0.175976 -0.422737 0.889003 -0.799905
-0.452886 -0.835526 -0.311111 7.538159 0.874886 -0.349290 -0.335514 2.019689 0.171663 -0.424136 0.889179 -0.803158
-0.468105 -0.827225 -0.310767 7.499382 0.867981 -0.364441 -0.337330 2.071262 0.165791 -0.427646 0.888612 -0.827763
-0.482638 -0.818919 -0.310536 7.462008 0.861192 -0.379212 -0.338446 2.121675 0.159400 -0.430778 0.888269 -0.848285
-0.496373 -0.810682 -0.310498 7.423359 0.854429 -0.392983 -0.339875 2.187697 0.153510 -0.434003 0.887736 -0.866637
-0.507442 -0.804335 -0.309108 7.410297 0.848551 -0.404052 -0.341618 2.223753 0.149880 -0.435645 0.887552 -0.874931
-0.518948 -0.797308 -0.308208 7.394803 0.842377 -0.415741 -0.342871 2.260748 0.145239 -0.437559 0.887382 -0.885274
-0.532055 -0.788561 -0.308364 7.352805 0.835328 -0.429341 -0.343356 2.317484 0.138364 -0.440269 0.887140 -0.903974
-0.544672 -0.780065 -0.307945 7.319633 0.827943 -0.441672 -0.345594 2.356466 0.133575 -0.443197 0.886416 -0.922379
-0.554942 -0.773050 -0.307298 7.306973 0.821631 -0.451500 -0.347952 2.389209 0.130239 -0.445579 0.885718 -0.931143
-0.564739 -0.766449 -0.305983 7.271693 0.815561 -0.461612 -0.348962 2.428818 0.126216 -0.446620 0.885776 -0.940241
-0.570455 -0.762502 -0.305241 7.281754 0.811818 -0.467067 -0.350427 2.459040 0.124633 -0.447703 0.885454 -0.938747
-0.583740 -0.752510 -0.304919 7.236403 0.803305 -0.480633 -0.351698 2.503737 0.118102 -0.450243 0.885061 -0.962545
-0.593733 -0.744812 -0.304526 7.211599 0.796622 -0.490713 -0.352979 2.542675 0.113468 -0.452167 0.884686 -0.970050
-0.601910 -0.738654 -0.303468 7.203805 0.790899 -0.498884 -0.354392 2.574177 0.110378 -0.453325 0.884485 -0.980051
-0.613568 -0.729108 -0.303207 7.177811 0.782616 -0.510383 -0.356401 2.613663 0.105104 -0.455971 0.883767 -1.001064
-0.622363 -0.721610 -0.303220 7.160046 0.776240 -0.519229 -0.357565 2.646948 0.100581 -0.457906 0.883292 -1.011876
-0.631276 -0.714006 -0.302795 7.152572 0.769455 -0.527718 -0.359795 2.676129 0.097106 -0.460118 0.882532 -1.021918
-0.637929 -0.708316 -0.302215 7.140668 0.764329 -0.534428 -0.360814 2.706569 0.094058 -0.461165 0.882315 -1.029117
