1.000000 0.000000 0.000000 0.000000 0.000000 1.000000 0.000000 0.000000 0.000000 0.000000 1.000000 0.000000
1.000000 -0.000228 -0.000031 0.194283 0.000228 1.000000 0.000013 -0.000528 0.000031 -0.000013 1.000000 -0.002007
1.000000 -0.000546 -0.000042 0.365187 0.000546 1.000000 0.000010 -0.001233 0.000042 -0.000010 1.000000 -0.003627
1.000000 -0.000850 -0.000035 0.623639 0.000850 1.000000 -0.000002 -0.001709 0.000035 0.000002 1.000000 -0.006256
0.999998 -0.001779 -0.000031 0.797900 0.001779 0.999998 -0.000015 -0.000881 0.000031 0.000015 1.000000 -0.008044
0.999997 -0.002378 -0.000015 0.991048 0.002378 0.999997 -0.000023 0.000281 0.000016 0.000023 1.000000 -0.009886
0.999994 -0.003423 -0.000016 1.228523 0.003423 0.999994 -0.000037 0.002619 0.000017 0.000037 1.000000 -0.012279
0.999992 -0.003891 -0.000044 1.413922 0.003891 0.999992 -0.000055 0.003477 0.000044 0.000055 1.000000 -0.014162
0.999985 -0.005445 -0.000060 1.711078 0.005445 0.999985 -0.000069 0.007589 0.000060 0.000068 1.000000 -0.017273
0.999978 -0.006625 -0.000067 1.959537 0.006625 0.999978 -0.000089 0.011489 0.000068 0.000088 1.000000 -0.019876
0.999969 -0.007913 -0.000079 2.223363 0.007913 0.999969 -0.000105 0.015472 0.000080 0.000104 1.000000 -0.022578
0.999960 -0.008930 -0.000104 2.480609 0.008930 0.999960 -0.000124 0.017900 0.000105 0.000123 1.000000 -0.025259
0.999941 -0.010866 -0.000124 2.776365 0.010866 0.999941 -0.000158 0.025732 0.000125 0.000156 1.000000 -0.028198
0.999928 -0.011978 -0.000137 3.039816 0.011978 0.999928 -0.000157 0.029906 0.000139 0.000155 1.000000 -0.030747
0.999916 -0.012953 -0.000130 3.263003 0.012953 0.999916 -0.000163 0.033045 0.000132 0.000161 1.000000 -0.032995
0.999897 -0.014343 -0.000132 3.484752 0.014343 0.999897 -0.000198 0.039230 0.000135 0.000196 1.000000 -0.035325
0.999875 -0.015782 -0.000124 3.718773 0.015782 0.999875 -0.000213 0.044989 0.000127 0.000211 1.000000 -0.037564
0.999851 -0.017283 -0.000134 3.925559 0.017283 0.999851 -0.000236 0.051484 0.000138 0.000234 1.000000 -0.039533
0.999835 -0.018134 -0.000155 4.187993 0.018134 0.999835 -0.000262 0.056376 0.000160 0.000259 1.000000 -0.042206
0.999803 -0.019858 -0.000171 4.433360 0.019857 0.999803 -0.000280 0.064992 0.000177 0.000277 1.000000 -0.044724
0.999789 -0.020518 -0.000182 4.677161 0.020518 0.999789 -0.000291 0.069921 0.000188 0.000287 1.000000 -0.046984
0.999761 -0.021859 -0.000193 4.884587 0.021859 0.999761 -0.000317 0.076619 0.000200 0.000313 1.000000 -0.048990
0.999739 -0.022833 -0.000191 5.117477 0.022833 0.999739 -0.000317 0.082628 0.000198 0.000313 1.000000 -0.051309
0.999735 -0.023014 -0.000184 5.330673 0.023014 0.999735 -0.000321 0.086229 0.000191 0.000317 1.000000 -0.053382
0.999720 -0.023655 -0.000180 5.608370 0.023655 0.999720 -0.000321 0.091304 0.000187 0.000317 1.000000 -0.056269
0.999705 -0.024292 -0.000180 5.877790 0.024291 0.999705 -0.000334 0.097721 0.000188 0.000330 1.000000 -0.058871
0.999709 -0.024112 -0.000203 6.132621 0.024112 0.999709 -0.000346 0.100741 0.000211 0.000341 1.000000 -0.061397
0.999701 -0.024425 -0.000229 6.386781 0.024425 0.999701 -0.000358 0.105758 0.000238 0.000352 1.000000 -0.063944
0.999698 -0.024570 -0.000232 6.615460 0.024570 0.999698 -0.000365 0.109834 0.000241 0.000359 1.000000 -0.066292
0.999705 -0.024272 -0.000250 6.925232 0.024272 0.999705 -0.000368 0.111674 0.000259 0.000362 1.000000 -0.069324
0.999700 -0.024470 -0.000250 7.181509 0.024470 0.999700 -0.000371 0.115828 0.000259 0.000365 1.000000 -0.071877
0.999698 -0.024575 -0.000266 7.464710 0.024575 0.999698 -0.000371 0.120026 0.000275 0.000364 1.000000 -0.074555
0.999716 -0.023804 -0.000303 7.720376 0.023804 0.999716 -0.000371 0.121190 0.000311 0.000364 1.000000 -0.077081
0.999699 -0.024534 -0.000295 8.011293 0.024534 0.999699 -0.000376 0.127568 0.000304 0.000369 1.000000 -0.079912
0.999724 -0.023462 -0.000304 8.257641 0.023462 0.999724 -0.000366 0.126962 0.000313 0.000358 1.000000 -0.082321
0.999722 -0.023570 -0.000298 8.532945 0.023570 0.999722 -0.000362 0.130504 0.000307 0.000355 1.000000 -0.084970
0.999718 -0.023722 -0.000305 8.860922 0.023722 0.999718 -0.000372 0.134396 0.000314 0.000365 1.000000 -0.088070
0.999741 -0.022728 -0.000310 9.154515 0.022728 0.999741 -0.000347 0.133892 0.000318 0.000340 1.000000 -0.090901
0.999751 -0.022320 -0.000333 9.418010 0.022320 0.999751 -0.000333 0.134997 0.000340 0.000326 1.000000 -0.093439
0.999814 -0.019276 -0.000340 9.645165 0.019276 0.999814 -0.000272 0.125067 0.000346 0.000265 1.000000 -0.095611
0.999856 -0.016977 -0.000343 9.919597 0.016977 0.999856 -0.000258 0.116926 0.000347 0.000252 1.000000 -0.098318
0.999907 -0.013632 -0.000361 10.182158 0.013632 0.999907 -0.000231 0.104766 0.000364 0.000226 1.000000 -0.100716
0.999967 -0.008040 -0.000384 10.414621 0.008040 0.999967 -0.000206 0.088376 0.000386 0.000203 1.000000 -0.103019
0.999991 -0.004046 -0.000395 10.673100 0.004046 0.999991 -0.000162 0.074501 0.000395 0.000160 1.000000 -0.105655
1.000000 0.000182 -0.000417 10.903178 -0.000182 1.000000 -0.000128 0.055064 0.000417 0.000128 1.000000 -0.107786
0.999983 0.005792 -0.000422 11.177418 -0.005792 0.999983 -0.000073 0.030445 0.000421 0.000076 1.000000 -0.110524
0.999936 0.011261 -0.000422 11.482371 -0.011261 0.999936 -0.000017 0.005137 0.000422 0.000022 1.000000 -0.113541
0.999888 0.014951 -0.000456 11.769236 -0.014951 0.999888 0.000011 -0.012008 0.000456 -0.000004 1.000000 -0.116270
0.999704 0.024319 -0.000447 12.015924 -0.024319 0.999704 0.000134 -0.047440 0.000450 -0.000123 1.000000 -0.118674
0.999568 0.029356 -0.000439 12.327675 -0.029356 0.999569 0.000206 -0.079443 0.000444 -0.000193 1.000000 -0.121518
0.999410 0.034322 -0.000458 12.605301 -0.034321 0.999410 0.000255 -0.109026 0.000467 -0.000239 1.000000 -0.124149
0.999106 0.042264 -0.000457 12.815737 -0.042264 0.999106 0.000328 -0.144420 0.000470 -0.000309 1.000000 -0.126282
0.998927 0.046296 -0.000464 13.120522 -0.046296 0.998927 0.000373 -0.178684 0.000480 -0.000351 1.000000 -0.129155
0.998645 0.052035 -0.000479 13.385764 -0.052034 0.998645 0.000423 -0.211375 0.000501 -0.000397 1.000000 -0.131785
0.998510 0.054553 -0.000516 13.610390 -0.054553 0.998510 0.000444 -0.234568 0.000539 -0.000416 1.000000 -0.133859
0.998198 0.059989 -0.000537 13.934076 -0.059989 0.998199 0.000508 -0.278008 0.000567 -0.000475 1.000000 -0.136886
0.998061 0.062241 -0.000562 14.159559 -0.062240 0.998061 0.000536 -0.302211 0.000594 -0.000500 1.000000 -0.138977
0.997943 0.064097 -0.000586 14.399627 -0.064097 0.997943 0.000534 -0.325266 0.000619 -0.000495 1.000000 -0.141296
0.997643 0.068613 -0.000617 14.614380 -0.068613 0.997643 0.000581 -0.360706 0.000656 -0.000537 1.000000 -0.143405
0.997471 0.071071 -0.000619 14.864795 -0.071070 0.997471 0.000610 -0.390663 0.000661 -0.000564 1.000000 -0.145712
0.997351 0.072729 -0.000648 15.074857 -0.072728 0.997351 0.000625 -0.412863 0.000691 -0.000577 1.000000 -0.147733
0.997263 0.073923 -0.000680 15.293790 -0.073923 0.997263 0.000627 -0.434700 0.000725 -0.000575 1.000000 -0.149761
0.997260 0.073973 -0.000704 15.530946 -0.073973 0.997260 0.000615 -0.455273 0.000748 -0.000561 1.000000 -0.151987
0.997459 0.071234 -0.000722 15.738726 -0.071233 0.997459 0.000576 -0.461827 0.000761 -0.000523 1.000000 -0.154081
0.997603 0.069190 -0.000730 15.961517 -0.069190 0.997603 0.000550 -0.472437 0.000767 -0.000498 1.000000 -0.156452
0.997948 0.064020 -0.000743 16.154884 -0.064020 0.997948 0.000511 -0.472300 0.000774 -0.000462 1.000000 -0.158284
0.998482 0.055064 -0.000721 16.391015 -0.055064 0.998482 0.000420 -0.458390 0.000743 -0.000380 1.000000 -0.160516
0.998941 0.045989 -0.000687 16.598328 -0.045989 0.998942 0.000333 -0.439586 0.000702 -0.000301 1.000000 -0.162723
0.999320 0.036850 -0.000681 16.828216 -0.036850 0.999320 0.000246 -0.420780 0.000689 -0.000221 1.000000 -0.165086
0.999754 0.022139 -0.000694 16.969927 -0.022139 0.999755 0.000096 -0.379882 0.000696 -0.000081 1.000000 -0.166353
0.999943 0.010650 -0.000624 17.089542 -0.010650 0.999943 -0.000026 -0.343079 0.000624 0.000032 1.000000 -0.167054
0.999996 -0.002712 -0.000577 17.265086 0.002712 0.999996 -0.000157 -0.302267 0.000578 0.000156 1.000000 -0.168593
0.999817 -0.019088 -0.000571 17.414367 0.019088 0.999817 -0.000326 -0.247441 0.000577 0.000315 1.000000 -0.169821
0.999426 -0.033866 -0.000579 17.569372 0.033865 0.999426 -0.000491 -0.198943 0.000596 0.000471 1.000000 -0.171223
0.998892 -0.047060 -0.000560 17.695449 0.047060 0.998892 -0.000621 -0.149824 0.000589 0.000594 1.000000 -0.172284
0.997993 -0.063310 -0.000538 17.835605 0.063309 0.997993 -0.000782 -0.091100 0.000587 0.000746 1.000000 -0.173520
0.996992 -0.077497 -0.000473 17.962635 0.077497 0.996992 -0.000901 -0.035699 0.000541 0.000861 1.000000 -0.174621
0.995669 -0.092961 -0.000439 18.085865 0.092960 0.995669 -0.001055 0.023225 0.000535 0.001009 1.000000 -0.175661
0.993616 -0.112816 -0.000360 18.243766 0.112816 0.993615 -0.001242 0.102676 0.000498 0.001193 0.999999 -0.176895
0.990762 -0.135613 -0.000277 18.398406 0.135612 0.990761 -0.001493 0.198245 0.000476 0.001441 0.999999 -0.177707
0.988513 -0.151136 -0.000207 18.527786 0.151136 0.988511 -0.001674 0.268533 0.000458 0.001623 0.999999 -0.178775
0.985327 -0.170673 -0.000153 18.674873 0.170672 0.985326 -0.001876 0.353022 0.000471 0.001822 0.999998 -0.180249
0.981731 -0.190275 -0.000107 18.809457 0.190274 0.981729 -0.002072 0.442704 0.000499 0.002014 0.999998 -0.181559
0.978006 -0.208574 -0.000051 18.938847 0.208573 0.978004 -0.002274 0.526619 0.000524 0.002213 0.999997 -0.182627
0.972597 -0.232495 -0.000049 19.087876 0.232494 0.972594 -0.002599 0.637730 0.000651 0.002516 0.999997 -0.183520
0.966289 -0.257459 0.000079 19.269077 0.257459 0.966285 -0.002878 0.769396 0.000665 0.002802 0.999996 -0.185119
0.960177 -0.279392 0.000223 19.392532 0.279391 0.960172 -0.003085 0.880199 0.000648 0.003025 0.999995 -0.186242
0.952350 -0.305006 0.000293 19.559105 0.305006 0.952344 -0.003418 1.019074 0.000763 0.003344 0.999994 -0.187670
0.944041 -0.329826 0.000366 19.666879 0.329825 0.944034 -0.003684 1.147191 0.000870 0.003599 0.999993 -0.188167
0.935228 -0.354046 0.000509 19.788903 0.354045 0.935220 -0.003925 1.286593 0.000914 0.003851 0.999992 -0.188854
0.925266 -0.379317 0.000549 19.898218 0.379316 0.925257 -0.004281 1.419890 0.001116 0.004169 0.999991 -0.189835
0.911985 -0.410223 0.000835 20.065828 0.410222 0.911974 -0.004446 1.609234 0.001063 0.004397 0.999990 -0.190936
0.900226 -0.435420 0.000988 20.177841 0.435420 0.900215 -0.004690 1.761700 0.001153 0.004652 0.999989 -0.191479
0.888863 -0.458171 0.001099 20.301282 0.458171 0.888850 -0.004949 1.914530 0.001290 0.004902 0.999987 -0.192806
0.873023 -0.487676 0.001263 20.455346 0.487676 0.873010 -0.005100 2.125581 0.001384 0.005068 0.999986 -0.194353
0.858568 -0.512697 0.001399 20.569313 0.512697 0.858553 -0.005307 2.306774 0.001520 0.005274 0.999985 -0.195235
0.842149 -0.539242 0.001504 20.690975 0.539241 0.842133 -0.005499 2.501532 0.001699 0.005442 0.999984 -0.196071
0.827643 -0.561252 0.001672 20.791122 0.561252 0.827625 -0.005705 2.665341 0.001818 0.005660 0.999982 -0.196822
0.813537 -0.581510 0.001842 20.888270 0.581510 0.813518 -0.005901 2.826819 0.001933 0.005871 0.999981 -0.197797
0.800843 -0.598871 0.002002 20.984980 0.598870 0.800822 -0.006087 2.980032 0.002042 0.006074 0.999980 -0.198699
0.783220 -0.621740 0.002151 21.087495 0.621740 0.783199 -0.006271 3.178173 0.002214 0.006249 0.999978 -0.199619
0.760686 -0.649115 0.002467 21.200221 0.649115 0.760662 -0.006499 3.420826 0.002342 0.006545 0.999976 -0.200285
0.741401 -0.671056 0.002707 21.277731 0.671057 0.741375 -0.006717 3.604592 0.002501 0.006797 0.999974 -0.200593
0.717247 -0.696812 0.003010 21.382890 0.696814 0.717218 -0.006907 3.857421 0.002654 0.007051 0.999972 -0.201142
0.699585 -0.714542 0.003171 21.456071 0.714543 0.699555 -0.007058 4.050814 0.002824 0.007204 0.999970 -0.202162
0.679527 -0.733642 0.003364 21.530611 0.733644 0.679496 -0.007214 4.262078 0.003007 0.007370 0.999968 -0.202796
0.660947 -0.750424 0.003580 21.586073 0.750425 0.660913 -0.007431 4.441069 0.003210 0.007598 0.999966 -0.203350
0.639421 -0.768847 0.003776 21.647008 0.768849 0.639385 -0.007598 4.651980 0.003427 0.007761 0.999964 -0.203826
0.617852 -0.786284 0.004009 21.704933 0.786285 0.617814 -0.007815 4.869084 0.003668 0.007981 0.999962 -0.204086
0.595679 -0.803211 0.004293 21.748465 0.803213 0.595638 -0.007986 5.071878 0.003858 0.008205 0.999959 -0.204085
0.576154 -0.817328 0.004535 21.791518 0.817331 0.576112 -0.008066 5.259464 0.003980 0.008354 0.999957 -0.204414
0.554405 -0.832232 0.004785 21.834734 0.832236 0.554361 -0.008146 5.470762 0.004127 0.008498 0.999956 -0.204767
0.532167 -0.846624 0.005060 21.864217 0.846628 0.532121 -0.008249 5.670896 0.004291 0.008674 0.999953 -0.204961
0.509429 -0.860496 0.005357 21.893453 0.860501 0.509380 -0.008347 5.880403 0.004453 0.008862 0.999951 -0.205017
0.495510 -0.868584 0.005508 21.920902 0.868590 0.495460 -0.008403 6.029357 0.004569 0.008948 0.999950 -0.204934
0.471464 -0.881866 0.005730 21.942262 0.881872 0.471411 -0.008557 6.241376 0.004845 0.009087 0.999947 -0.205031
0.446781 -0.894623 0.005984 21.963946 0.894629 0.446726 -0.008641 6.478070 0.005058 0.009214 0.999945 -0.205067
0.434323 -0.900736 0.006124 21.978542 0.900742 0.434267 -0.008652 6.605622 0.005134 0.009274 0.999944 -0.205301
0.415261 -0.909680 0.006316 21.987323 0.909686 0.415203 -0.008713 6.794210 0.005304 0.009364 0.999942 -0.205091
0.397114 -0.917746 0.006491 22.017885 0.917752 0.397054 -0.008847 7.014055 0.005542 0.009470 0.999940 -0.205578
0.386962 -0.922072 0.006591 22.035818 0.922078 0.386900 -0.008934 7.150458 0.005688 0.009534 0.999939 -0.205629
0.371344 -0.928470 0.006755 22.042612 0.928477 0.371281 -0.008998 7.308030 0.005846 0.009613 0.999937 -0.205515
0.351833 -0.936037 0.006952 22.041637 0.936043 0.351768 -0.009062 7.481855 0.006037 0.009696 0.999935 -0.205408
0.342931 -0.939334 0.007038 22.052228 0.939340 0.342864 -0.009174 7.600088 0.006204 0.009757 0.999933 -0.205436
0.330802 -0.943672 0.007182 22.056733 0.943679 0.330734 -0.009238 7.738439 0.006343 0.009833 0.999932 -0.205329
0.315593 -0.948866 0.007359 22.051063 0.948872 0.315523 -0.009267 7.885496 0.006472 0.009907 0.999930 -0.205067
0.308878 -0.951072 0.007406 22.066011 0.951079 0.308808 -0.009317 8.001401 0.006574 0.009922 0.999929 -0.205034
0.298380 -0.954417 0.007529 22.075458 0.954423 0.298308 -0.009361 8.162707 0.006688 0.009979 0.999928 -0.204892
0.282670 -0.959186 0.007695 22.061483 0.959193 0.282597 -0.009366 8.305068 0.006809 0.010028 0.999927 -0.204461
0.276488 -0.960986 0.007730 22.067647 0.960992 0.276414 -0.009403 8.405144 0.006900 0.010028 0.999926 -0.204209
0.267712 -0.963467 0.007827 22.067304 0.963473 0.267637 -0.009475 8.521414 0.007034 0.010078 0.999925 -0.204128
0.256670 -0.966466 0.007954 22.070341 0.966472 0.256594 -0.009516 8.683846 0.007156 0.010130 0.999923 -0.203989
0.250392 -0.968111 0.007997 22.074955 0.968117 0.250315 -0.009547 8.786209 0.007241 0.010133 0.999923 -0.203697
0.241599 -0.970342 0.008074 22.064113 0.970348 0.241521 -0.009560 8.882675 0.007326 0.010144 0.999922 -0.203368
0.231021 -0.972914 0.008192 22.052877 0.972920 0.230943 -0.009553 8.982735 0.007403 0.010177 0.999921 -0.203078
0.225780 -0.974143 0.008244 22.056314 0.974149 0.225701 -0.009571 9.079533 0.007463 0.010191 0.999920 -0.203005
0.219338 -0.975613 0.008289 22.058123 0.975619 0.219258 -0.009589 9.186328 0.007538 0.010190 0.999920 -0.202924
0.210035 -0.977657 0.008387 22.041609 0.977663 0.209953 -0.009666 9.281485 0.007689 0.010229 0.999918 -0.202564
0.203779 -0.978980 0.008432 22.039032 0.978985 0.203697 -0.009711 9.382319 0.007790 0.010233 0.999918 -0.202321
0.195179 -0.980730 0.008512 22.030793 0.980735 0.195095 -0.009762 9.484032 0.007913 0.010254 0.999916 -0.202215
0.184158 -0.982858 0.008649 22.007540 0.982863 0.184073 -0.009857 9.568963 0.008096 0.010316 0.999914 -0.201891
0.177212 -0.984133 0.008744 21.998540 0.984138 0.177125 -0.009928 9.665713 0.008222 0.010364 0.999913 -0.201929
0.171858 -0.985082 0.008799 21.995968 0.985086 0.171770 -0.009950 9.764152 0.008290 0.010377 0.999912 -0.201715
0.164033 -0.986414 0.008884 21.988979 0.986418 0.163944 -0.010047 9.870746 0.008454 0.010412 0.999910 -0.201403
0.158647 -0.987294 0.008933 21.984891 0.987298 0.158557 -0.010052 9.956704 0.008507 0.010414 0.999910 -0.200848
0.148270 -0.988905 0.009063 21.963281 0.988908 0.148178 -0.010146 10.056705 0.008691 0.010467 0.999908 -0.200297
0.136473 -0.990600 0.009215 21.941190 0.990604 0.136379 -0.010164 10.168437 0.008812 0.010515 0.999906 -0.199876
0.128695 -0.991640 0.009319 21.925097 0.991643 0.128599 -0.010260 10.262686 0.008976 0.010561 0.999904 -0.199652
0.117209 -0.993062 0.009419 21.891194 0.993065 0.117112 -0.010285 10.337238 0.009111 0.010559 0.999903 -0.199059
0.103967 -0.994534 0.009555 21.855405 0.994537 0.103868 -0.010306 10.433609 0.009257 0.010575 0.999902 -0.198176
0.094903 -0.995439 0.009685 21.835689 0.995441 0.094802 -0.010399 10.534293 0.009433 0.010628 0.999899 -0.197660
0.082929 -0.996507 0.009803 21.803125 0.996509 0.082827 -0.010423 10.621210 0.009575 0.010633 0.999898 -0.197164
0.063931 -0.997903 0.010029 21.751712 0.997906 0.063826 -0.010470 10.731984 0.009808 0.010678 0.999895 -0.196298
0.049938 -0.998700 0.010157 21.713846 0.998703 0.049832 -0.010429 10.871949 0.009910 0.010665 0.999894 -0.195459
0.033711 -0.999378 0.010306 21.661954 0.999380 0.033603 -0.010423 10.983373 0.010070 0.010651 0.999893 -0.194900
0.009961 -0.999894 0.010559 21.586379 0.999897 0.009851 -0.010434 11.118412 0.010329 0.010662 0.999890 -0.194035
-0.005539 -0.999927 0.010698 21.533609 0.999930 -0.005650 -0.010360 11.236556 0.010419 0.010639 0.999889 -0.193658
-0.030780 -0.999465 0.010983 21.446877 0.999469 -0.030894 -0.010353 11.413304 0.010687 0.010659 0.999887 -0.192405
-0.066172 -0.997744 0.011282 21.320073 0.997747 -0.066288 -0.010268 11.647555 0.010993 0.010577 0.999884 -0.190796
-0.080121 -0.996719 0.011414 21.264379 0.996723 -0.080238 -0.010200 11.785167 0.011082 0.010559 0.999883 -0.189731
-0.107474 -0.994138 0.011740 21.157270 0.994143 -0.107594 -0.010157 11.954143 0.011361 0.010580 0.999880 -0.188674
-0.139016 -0.990217 0.011969 21.027103 0.990221 -0.139138 -0.010120 12.141555 0.011687 0.010445 0.999878 -0.186750
-0.160582 -0.986946 0.012225 20.940146 0.986950 -0.160708 -0.010089 12.275737 0.011922 0.010445 0.999875 -0.185823
-0.185824 -0.982503 0.012537 20.821004 0.982507 -0.185953 -0.010026 12.464338 0.012182 0.010455 0.999872 -0.184420
-0.213576 -0.976842 0.012831 20.689581 0.976847 -0.213707 -0.009898 12.655633 0.012411 0.010420 0.999869 -0.183076
-0.229944 -0.973118 0.012926 20.606385 0.973123 -0.230075 -0.009775 12.784472 0.012487 0.010331 0.999869 -0.181781
-0.257184 -0.966271 0.013228 20.466506 0.966278 -0.257318 -0.009667 12.955265 0.012744 0.010295 0.999866 -0.179915
-0.285553 -0.958267 0.013533 20.314294 0.958275 -0.285690 -0.009491 13.144058 0.012961 0.010258 0.999864 -0.178276
-0.305771 -0.952006 0.013705 20.215039 0.952015 -0.305908 -0.009343 13.253901 0.013087 0.010191 0.999863 -0.177359
-0.332132 -0.943129 0.013991 20.062000 0.943139 -0.332272 -0.009176 13.429306 0.013303 0.010148 0.999860 -0.175900
-0.363732 -0.931395 0.014179 19.874310 0.931405 -0.363872 -0.008986 13.620473 0.013529 0.009938 0.999860 -0.174049
-0.376868 -0.926157 0.014282 19.790605 0.926166 -0.377009 -0.008923 13.723988 0.013648 0.009865 0.999859 -0.173212
-0.411069 -0.911487 0.014576 19.567384 0.911499 -0.411212 -0.008625 13.930080 0.013856 0.009741 0.999857 -0.170597
-0.451581 -0.892101 0.015116 19.303564 0.892114 -0.451731 -0.008415 14.130110 0.014335 0.009685 0.999851 -0.166687
-0.468346 -0.883412 0.015290 19.184397 0.883426 -0.468497 -0.008284 14.240107 0.014481 0.009628 0.999849 -0.165197
-0.496099 -0.868124 0.015698 18.999669 0.868138 -0.496255 -0.008139 14.383470 0.014856 0.009590 0.999844 -0.163359
-0.527197 -0.849590 0.016127 18.782243 0.849607 -0.527357 -0.007872 14.540949 0.015192 0.009552 0.999839 -0.160671
-0.550393 -0.834745 0.016366 18.587943 0.834763 -0.550555 -0.007666 14.660469 0.015410 0.009442 0.999837 -0.158864
-0.573150 -0.819281 0.016635 18.371489 0.819300 -0.573315 -0.007481 14.808008 0.015666 0.009342 0.999834 -0.156429
-0.602080 -0.798257 0.016878 18.100475 0.798275 -0.602249 -0.007295 14.977882 0.015988 0.009081 0.999831 -0.153849
-0.619996 -0.784418 0.017116 17.939174 0.784436 -0.620167 -0.007188 15.075784 0.016253 0.008970 0.999828 -0.152063
-0.651074 -0.758817 0.017279 17.656831 0.758837 -0.651245 -0.006794 15.213516 0.016408 0.008689 0.999828 -0.148859
-0.685226 -0.728114 0.017736 17.293935 0.728135 -0.685403 -0.006458 15.390057 0.016859 0.008488 0.999822 -0.143995
-0.706048 -0.707935 0.017967 17.021648 0.707956 -0.706228 -0.006308 15.538689 0.017155 0.008266 0.999819 -0.141191
-0.730105 -0.683098 0.017989 16.733342 0.683116 -0.730284 -0.006079 15.651974 0.017290 0.007850 0.999820 -0.138022
-0.762762 -0.646422 0.018208 16.354189 0.646441 -0.762943 -0.005596 15.780414 0.017510 0.007502 0.999819 -0.133684
-0.775920 -0.630566 0.018286 16.137330 0.630586 -0.776101 -0.005398 15.877029 0.017596 0.007342 0.999819 -0.131598
-0.794609 -0.606841 0.018406 15.861891 0.606861 -0.794791 -0.005123 15.966143 0.017737 0.007099 0.999818 -0.128703
-0.826551 -0.562559 0.018426 15.497857 0.562577 -0.826731 -0.004701 16.027985 0.017878 0.006480 0.999820 -0.124604
-0.842356 -0.538603 0.018515 15.198998 0.538621 -0.842536 -0.004423 16.121701 0.017981 0.006247 0.999819 -0.121750
-0.859670 -0.510509 0.018622 14.798241 0.510526 -0.859852 -0.004168 16.241951 0.018140 0.005924 0.999818 -0.118000
-0.882055 -0.470762 0.019024 14.378326 0.470785 -0.882241 -0.003579 16.305716 0.018469 0.005800 0.999813 -0.113478
-0.890910 -0.453778 0.019086 14.118575 0.453800 -0.891096 -0.003398 16.377637 0.018549 0.005634 0.999812 -0.111291
-0.904577 -0.425879 0.019173 13.797165 0.425901 -0.904764 -0.003148 16.422875 0.018688 0.005319 0.999812 -0.107869
-0.918233 -0.395569 0.019336 13.431541 0.395592 -0.918422 -0.002800 16.473960 0.018866 0.005078 0.999810 -0.104098
-0.923862 -0.382238 0.019316 13.171304 0.382261 -0.924050 -0.002640 16.536174 0.018858 0.004945 0.999810 -0.101626
-0.932717 -0.360086 0.019418 12.780724 0.360110 -0.932907 -0.002358 16.613878 0.018965 0.004793 0.999809 -0.098018
-0.943063 -0.332043 0.019457 12.400917 0.332066 -0.943253 -0.002137 16.647304 0.019062 0.004446 0.999809 -0.094193
-0.949271 -0.313856 0.019473 12.106091 0.313880 -0.949460 -0.001929 16.687276 0.019094 0.004281 0.999809 -0.091538
-0.955601 -0.294012 0.019573 11.733284 0.294036 -0.955792 -0.001678 16.742025 0.019201 0.004152 0.999807 -0.088375
-0.960779 -0.276624 0.019566 11.395065 0.276649 -0.960970 -0.001454 16.785709 0.019204 0.004016 0.999808 -0.085356
-0.963910 -0.265505 0.019595 11.073861 0.265531 -0.964101 -0.001309 16.841067 0.019239 0.003942 0.999807 -0.082498
-0.968409 -0.248596 0.019571 10.661629 0.248622 -0.968600 -0.001140 16.896774 0.019240 0.003762 0.999808 -0.078477
-0.970205 -0.241490 0.019615 10.391427 0.241517 -0.970396 -0.001030 16.944227 0.019283 0.003738 0.999807 -0.075842
-0.973176 -0.229222 0.019646 10.026928 0.229249 -0.973367 -0.000888 16.996138 0.019326 0.003639 0.999807 -0.072479
-0.976527 -0.214501 0.019580 9.577700 0.214528 -0.976717 -0.000728 17.050027 0.019280 0.003489 0.999808 -0.068562
-0.977793 -0.208654 0.019586 9.287032 0.208681 -0.977983 -0.000675 17.097911 0.019295 0.003428 0.999808 -0.065925
-0.979594 -0.200026 0.019621 8.930729 0.200053 -0.979785 -0.000595 17.148854 0.019343 0.003342 0.999808 -0.062879
-0.982031 -0.187695 0.019619 8.513035 0.187723 -0.982222 -0.000450 17.197210 0.019354 0.003241 0.999808 -0.059227
-0.982806 -0.183592 0.019633 8.302204 0.183619 -0.982997 -0.000402 17.229027 0.019373 0.003210 0.999807 -0.057006
-0.984066 -0.176712 0.019653 7.903772 0.176740 -0.984257 -0.000332 17.286387 0.019403 0.003146 0.999807 -0.053581
-0.985945 -0.165905 0.019681 7.472644 0.165934 -0.986136 -0.000205 17.328328 0.019443 0.003064 0.999807 -0.049638
-0.987053 -0.159178 0.019684 7.184906 0.159206 -0.987245 -0.000135 17.358318 0.019454 0.003001 0.999807 -0.046974
-0.988451 -0.150257 0.019692 6.817658 0.150285 -0.988642 -0.000041 17.389614 0.019475 0.002919 0.999806 -0.043852
-0.990049 -0.139338 0.019682 6.402816 0.139366 -0.990241 0.000056 17.418652 0.019482 0.002798 0.999807 -0.040006
-0.991123 -0.131473 0.019728 6.121392 0.131501 -0.991316 0.000145 17.435506 0.019537 0.002738 0.999806 -0.037421
-0.992458 -0.120988 0.019717 5.708066 0.121016 -0.992650 0.000244 17.456226 0.019543 0.002628 0.999806 -0.033720
-0.993407 -0.112925 0.019746 5.253351 0.112952 -0.993600 0.000291 17.492700 0.019586 0.002520 0.999805 -0.029361
-0.994237 -0.105363 0.019773 4.948280 0.105391 -0.994431 0.000386 17.506072 0.019622 0.002468 0.999805 -0.026466
-0.994802 -0.099883 0.019823 4.597252 0.099911 -0.994996 0.000449 17.532376 0.019679 0.002428 0.999804 -0.023321
-0.995574 -0.091857 0.019869 4.087119 0.091885 -0.995769 0.000523 17.562178 0.019737 0.002346 0.999803 -0.018269
-0.995854 -0.088767 0.019893 3.860679 0.088796 -0.996049 0.000574 17.575563 0.019763 0.002338 0.999802 -0.016070
-0.996202 -0.084757 0.019918 3.412647 0.084787 -0.996399 0.000639 17.605509 0.019792 0.002325 0.999802 -0.011637
-0.996665 -0.079123 0.019935 2.927996 0.079152 -0.996862 0.000679 17.634013 0.019818 0.002255 0.999801 -0.006768
-0.996682 -0.078906 0.019951 2.687789 0.078936 -0.996879 0.000688 17.655066 0.019835 0.002261 0.999801 -0.004491
-0.996794 -0.077480 0.019944 2.308899 0.077509 -0.996991 0.000700 17.684633 0.019830 0.002243 0.999801 -0.000714
-0.997194 -0.072136 0.019982 1.820303 0.072166 -0.997392 0.000778 17.712755 0.019874 0.002217 0.999800 0.004148
-0.997355 -0.069865 0.020015 1.589685 0.069896 -0.997554 0.000813 17.724104 0.019909 0.002210 0.999800 0.006455
-0.997287 -0.070842 0.019997 1.215257 0.070873 -0.997485 0.000808 17.758750 0.019890 0.002223 0.999800 0.010537
-0.997047 -0.074132 0.020017 0.733827 0.074163 -0.997246 0.000781 17.815455 0.019904 0.002263 0.999800 0.015531
-0.996951 -0.075422 0.020013 0.456373 0.075452 -0.997149 0.000771 17.843234 0.019897 0.002279 0.999800 0.018271
-0.996749 -0.078038 0.020036 0.076065 0.078069 -0.996947 0.000761 17.885222 0.019915 0.002323 0.999799 0.022232
-0.996401 -0.082361 0.020027 -0.434124 0.082391 -0.996599 0.000692 17.949306 0.019902 0.002340 0.999800 0.027715
-0.996319 -0.083348 0.020030 -0.643011 0.083378 -0.996517 0.000676 17.973188 0.019904 0.002344 0.999800 0.029780
-0.996149 -0.085344 0.020062 -1.027406 0.085374 -0.996348 0.000655 18.017442 0.019933 0.002366 0.999799 0.033668
-0.996324 -0.083271 0.020082 -1.504308 0.083302 -0.996524 0.000692 18.056893 0.019955 0.002362 0.999798 0.038784
-0.996542 -0.080613 0.020109 -1.758036 0.080644 -0.996742 0.000721 18.071318 0.019986 0.002340 0.999798 0.041256
-0.996806 -0.077287 0.020121 -2.075708 0.077318 -0.997006 0.000761 18.088020 0.020002 0.002314 0.999798 0.044350
-0.997232 -0.071567 0.020168 -2.559653 0.071599 -0.997433 0.000827 18.110921 0.020057 0.002268 0.999797 0.049231
-0.997340 -0.070043 0.020169 -2.731609 0.070074 -0.997541 0.000846 18.120575 0.020060 0.002258 0.999797 0.051087
-0.997600 -0.066242 0.020149 -3.093908 0.066273 -0.997801 0.000884 18.135113 0.020046 0.002217 0.999797 0.054591
-0.997809 -0.063000 0.020194 -3.521385 0.063032 -0.998011 0.000913 18.157658 0.020096 0.002184 0.999796 0.058990
-0.997945 -0.060800 0.020236 -3.798520 0.060832 -0.998147 0.000935 18.170734 0.020142 0.002164 0.999795 0.061786
-0.998112 -0.057979 0.020238 -4.130470 0.058010 -0.998315 0.000956 18.184215 0.020148 0.002128 0.999795 0.065192
-0.998273 -0.055127 0.020269 -4.593792 0.055158 -0.998477 0.000995 18.207344 0.020183 0.002111 0.999794 0.069922
-0.998328 -0.054127 0.020263 -4.773848 0.054158 -0.998531 0.001008 18.215818 0.020178 0.002104 0.999795 0.071853
-0.998595 -0.048941 0.020302 -5.155699 0.048973 -0.998799 0.001061 18.224865 0.020226 0.002054 0.999794 0.075466
-0.998771 -0.045202 0.020336 -5.651475 0.045234 -0.998975 0.001094 18.241768 0.020265 0.002012 0.999793 0.080718
-0.998886 -0.042576 0.020355 -5.914687 0.042608 -0.999091 0.001121 18.247438 0.020289 0.001987 0.999793 0.083460
-0.998984 -0.040192 0.020385 -6.280539 0.040224 -0.999190 0.001152 18.258891 0.020322 0.001971 0.999792 0.086999
-0.999118 -0.036714 0.020381 -6.818967 0.036746 -0.999324 0.001192 18.272776 0.020323 0.001940 0.999792 0.092896
-0.999168 -0.035304 0.020399 -7.034449 0.035336 -0.999374 0.001202 18.278359 0.020343 0.001922 0.999792 0.095138
-0.999234 -0.033378 0.020399 -7.421119 0.033410 -0.999441 0.001233 18.288320 0.020347 0.001914 0.999792 0.099218
-0.999321 -0.030670 0.020420 -7.962830 0.030702 -0.999528 0.001280 18.303887 0.020371 0.001906 0.999791 0.105296
-0.999366 -0.029167 0.020428 -8.208844 0.029199 -0.999573 0.001304 18.309287 0.020382 0.001899 0.999791 0.107769
-0.999418 -0.027309 0.020427 -8.571336 0.027341 -0.999625 0.001316 18.316464 0.020383 0.001874 0.999791 0.111677
-0.999502 -0.024015 0.020448 -9.049568 0.024048 -0.999710 0.001351 18.323513 0.020410 0.001842 0.999790 0.116852
-0.999523 -0.023139 0.020429 -9.293840 0.023171 -0.999730 0.001356 18.329501 0.020392 0.001829 0.999791 0.119554
-0.999581 -0.020493 0.020450 -9.685183 0.020526 -0.999788 0.001396 18.331660 0.020417 0.001815 0.999790 0.123723
-0.999613 -0.018822 0.020455 -10.003761 0.018855 -0.999821 0.001424 18.335882 0.020425 0.001809 0.999790 0.126910
-0.999652 -0.016636 0.020467 -10.364338 0.016669 -0.999860 0.001446 18.338859 0.020440 0.001787 0.999790 0.130857
-0.999673 -0.015267 0.020485 -10.661470 0.015301 -0.999882 0.001468 18.342598 0.020460 0.001781 0.999789 0.134136
-0.999703 -0.013214 0.020493 -11.174936 0.013247 -0.999911 0.001496 18.350107 0.020471 0.001767 0.999789 0.139873
-0.999720 -0.011815 0.020489 -11.514733 0.011848 -0.999928 0.001491 18.352640 0.020470 0.001733 0.999789 0.143572
-0.999738 -0.010215 0.020497 -11.938388 0.010249 -0.999946 0.001519 18.357890 0.020480 0.001728 0.999789 0.148035
-0.999754 -0.008442 0.020494 -12.267931 0.008475 -0.999963 0.001536 18.358128 0.020480 0.001710 0.999789 0.151555
-0.999760 -0.007729 0.020502 -12.663502 0.007763 -0.999968 0.001551 18.363125 0.020490 0.001709 0.999789 0.155846
-0.999774 -0.005555 0.020501 -12.916330 0.005588 -0.999983 0.001578 18.361510 0.020492 0.001692 0.999789 0.158457
-0.999782 -0.003793 0.020499 -13.416320 0.003827 -0.999991 0.001584 18.365269 0.020493 0.001662 0.999789 0.164063
-0.999785 -0.002785 0.020516 -13.781313 0.002819 -0.999994 0.001604 18.368613 0.020512 0.001662 0.999789 0.167903
-0.999788 -0.001829 0.020520 -14.063157 0.001863 -0.999997 0.001638 18.368953 0.020517 0.001676 0.999789 0.171097
-0.999788 -0.001171 0.020529 -14.593045 0.001205 -0.999998 0.001636 18.375479 0.020527 0.001660 0.999788 0.176973
-0.999787 -0.002272 0.020529 -14.989301 0.002306 -0.999996 0.001626 18.384437 0.020525 0.001673 0.999788 0.181223
-0.999785 -0.002994 0.020528 -15.325546 0.003028 -0.999994 0.001612 18.391869 0.020523 0.001674 0.999788 0.184841
-0.999779 -0.004522 0.020544 -15.782203 0.004555 -0.999988 0.001590 18.406094 0.020537 0.001683 0.999788 0.189846
-0.999772 -0.005767 0.020558 -16.065068 0.005801 -0.999982 0.001591 18.413426 0.020548 0.001710 0.999788 0.192866
-0.999760 -0.007600 0.020555 -16.486808 0.007634 -0.999969 0.001584 18.427606 0.020542 0.001741 0.999788 0.197471
-0.999742 -0.009624 0.020561 -17.032872 0.009658 -0.999952 0.001554 18.445652 0.020545 0.001752 0.999788 0.203486
-0.999721 -0.011603 0.020557 -17.336077 0.011636 -0.999931 0.001525 18.458170 0.020538 0.001764 0.999788 0.206611
-0.999699 -0.013311 0.020586 -17.696808 0.013345 -0.999910 0.001514 18.472624 0.020564 0.001788 0.999787 0.210422
-0.999673 -0.015158 0.020592 -18.176467 0.015193 -0.999883 0.001492 18.491564 0.020567 0.001805 0.999787 0.215602
-0.999666 -0.015566 0.020602 -18.396427 0.015600 -0.999877 0.001492 18.498802 0.020577 0.001813 0.999787 0.217846
-0.999647 -0.016734 0.020607 -18.810871 0.016768 -0.999858 0.001480 18.514411 0.020580 0.001825 0.999787 0.222478
-0.999626 -0.017982 0.020615 -19.370696 0.018016 -0.999836 0.001452 18.534914 0.020585 0.001823 0.999787 0.228767
-0.999625 -0.017985 0.020635 -19.670493 0.018019 -0.999836 0.001462 18.543558 0.020605 0.001834 0.999786 0.231895
-0.999617 -0.018406 0.020636 -20.056047 0.018441 -0.999829 0.001476 18.556766 0.020605 0.001856 0.999786 0.236170
-0.999616 -0.018507 0.020631 -20.613111 0.018542 -0.999827 0.001492 18.574884 0.020600 0.001874 0.999786 0.242470
-0.999616 -0.018480 0.020644 -20.834264 0.018516 -0.999827 0.001503 18.581251 0.020612 0.001885 0.999786 0.244725
-0.999605 -0.019029 0.020651 -21.269307 0.019064 -0.999817 0.001492 18.596841 0.020619 0.001886 0.999786 0.249627
-0.999599 -0.019388 0.020646 -21.781085 0.019423 -0.999810 0.001492 18.615720 0.020613 0.001892 0.999786 0.255219
-0.999593 -0.019671 0.020632 -22.070268 0.019706 -0.999804 0.001486 18.626657 0.020599 0.001892 0.999786 0.258378
-0.999615 -0.018537 0.020629 -22.464686 0.018573 -0.999826 0.001506 18.635624 0.020597 0.001888 0.999786 0.262794
-0.999645 -0.016877 0.020625 -23.008058 0.016912 -0.999856 0.001517 18.647013 0.020596 0.001865 0.999787 0.269006
-0.999643 -0.016976 0.020629 -23.274078 0.017011 -0.999854 0.001519 18.654526 0.020600 0.001870 0.999786 0.271897
-0.999651 -0.016483 0.020642 -23.629186 0.016519 -0.999862 0.001532 18.663430 0.020614 0.001872 0.999786 0.275668
-0.999699 -0.013246 0.020646 -24.236854 0.013281 -0.999910 0.001569 18.669692 0.020623 0.001842 0.999786 0.282456
-0.999697 -0.013377 0.020647 -24.498305 0.013412 -0.999909 0.001555 18.676785 0.020624 0.001832 0.999786 0.285349
-0.999692 -0.013712 0.020661 -24.858296 0.013747 -0.999904 0.001540 18.687743 0.020638 0.001824 0.999786 0.289374
-0.999719 -0.011561 0.020665 -25.393915 0.011595 -0.999931 0.001554 18.695267 0.020646 0.001793 0.999786 0.295446
-0.999744 -0.009241 0.020657 -25.710421 0.009276 -0.999955 0.001579 18.693833 0.020641 0.001771 0.999786 0.298796
-0.999739 -0.009673 0.020667 -26.121346 0.009708 -0.999951 0.001584 18.703619 0.020651 0.001784 0.999786 0.303309
-0.999751 -0.008378 0.020663 -26.868988 0.008412 -0.999963 0.001594 18.716739 0.020649 0.001768 0.999786 0.311678
-0.999762 -0.006956 0.020668 -27.188827 0.006991 -0.999974 0.001622 18.717304 0.020656 0.001766 0.999785 0.315101
-0.999779 -0.003560 0.020696 -27.572185 0.003596 -0.999992 0.001670 18.710190 0.020690 0.001744 0.999785 0.319231
-0.999783 -0.002385 0.020700 -28.111602 0.002420 -0.999995 0.001694 18.715360 0.020696 0.001743 0.999785 0.325101
-0.999785 -0.000433 0.020711 -28.407431 0.000468 -0.999998 0.001714 18.711872 0.020711 0.001723 0.999784 0.328253
-0.999784 0.001759 0.020727 -28.748594 -0.001724 -0.999997 0.001734 18.707631 0.020730 0.001697 0.999784 0.332006
-0.999776 0.004362 0.020717 -29.333842 -0.004326 -0.999989 0.001768 18.705021 0.020725 0.001678 0.999784 0.338685
-0.999771 0.005311 0.020722 -29.643903 -0.005275 -0.999984 0.001783 18.703357 0.020731 0.001673 0.999784 0.342136
-0.999767 0.006069 0.020728 -29.975019 -0.006033 -0.999980 0.001807 18.703219 0.020739 0.001682 0.999784 0.345752
-0.999780 0.002938 0.020758 -30.591353 -0.002901 -0.999994 0.001787 18.719441 0.020763 0.001726 0.999783 0.352765
-0.999784 0.000989 0.020746 -30.868800 -0.000953 -0.999998 0.001758 18.728578 0.020748 0.001738 0.999784 0.355595
-0.999783 -0.001696 0.020751 -31.459759 0.001732 -0.999997 0.001726 18.745834 0.020748 0.001761 0.999784 0.362188
-0.999772 -0.004836 0.020767 -32.048065 0.004872 -0.999987 0.001680 18.768977 0.020759 0.001781 0.999783 0.368897
-0.999760 -0.006834 0.020787 -32.323020 0.006870 -0.999975 0.001643 18.780528 0.020775 0.001785 0.999783 0.371905
-0.999736 -0.009747 0.020788 -32.726557 0.009782 -0.999951 0.001617 18.798602 0.020772 0.001820 0.999783 0.376295
-0.999692 -0.013571 0.020796 -33.293328 0.013607 -0.999906 0.001579 18.829142 0.020772 0.001861 0.999783 0.382611
-0.999649 -0.016367 0.020807 -33.610422 0.016403 -0.999864 0.001553 18.847798 0.020778 0.001893 0.999783 0.386031
-0.999565 -0.020883 0.020835 -34.091425 0.020919 -0.999780 0.001507 18.881009 0.020799 0.001942 0.999782 0.391501
-0.999399 -0.027706 0.020835 -34.614374 0.027742 -0.999614 0.001424 18.924672 0.020788 0.002001 0.999782 0.397218
-0.999342 -0.029691 0.020841 -34.937626 0.029727 -0.999557 0.001408 18.944772 0.020790 0.002026 0.999782 0.400659
-0.999334 -0.029967 0.020842 -35.366561 0.030003 -0.999549 0.001410 18.963614 0.020791 0.002035 0.999782 0.405458
-0.999241 -0.032910 0.020854 -35.994419 0.032946 -0.999456 0.001380 19.002133 0.020798 0.002066 0.999782 0.412653
-0.999243 -0.032836 0.020866 -36.245207 0.032872 -0.999459 0.001387 19.012958 0.020809 0.002072 0.999782 0.415426
-0.999195 -0.034240 0.020884 -36.655511 0.034277 -0.999411 0.001375 19.037299 0.020824 0.002089 0.999781 0.420055
-0.999201 -0.034073 0.020877 -37.257843 0.034110 -0.999417 0.001394 19.065813 0.020817 0.002105 0.999782 0.426945
-0.999209 -0.033846 0.020875 -37.615198 0.033882 -0.999425 0.001393 19.080710 0.020816 0.002099 0.999782 0.430902
-0.999261 -0.032274 0.020892 -38.003485 0.032311 -0.999477 0.001416 19.091112 0.020835 0.002090 0.999781 0.435315
-0.999334 -0.029907 0.020886 -38.635207 0.029944 -0.999551 0.001444 19.111619 0.020834 0.002069 0.999781 0.442674
-0.999311 -0.030670 0.020899 -38.881844 0.030707 -0.999527 0.001434 19.124385 0.020845 0.002075 0.999781 0.445328
-0.999323 -0.030283 0.020903 -39.419937 0.030320 -0.999539 0.001443 19.146663 0.020849 0.002076 0.999781 0.451654
-0.999400 -0.027622 0.020895 -39.976225 0.027659 -0.999616 0.001486 19.160135 0.020846 0.002063 0.999781 0.458153
-0.999408 -0.027309 0.020919 -40.331954 0.027347 -0.999625 0.001514 19.173210 0.020870 0.002085 0.999780 0.462247
-0.999407 -0.027343 0.020921 -40.767763 0.027381 -0.999624 0.001513 19.190970 0.020872 0.002085 0.999780 0.467299
-0.999463 -0.025219 0.020931 -41.311877 0.025256 -0.999680 0.001539 19.205820 0.020886 0.002067 0.999780 0.473410
-0.999496 -0.023859 0.020937 -41.602122 0.023898 -0.999713 0.001571 19.211518 0.020894 0.002071 0.999780 0.476549
-0.999533 -0.022272 0.020925 -42.032008 0.022310 -0.999750 0.001592 19.220505 0.020884 0.002058 0.999780 0.481304
-0.999541 -0.021894 0.020942 -42.572661 0.021932 -0.999758 0.001599 19.239002 0.020902 0.002058 0.999780 0.487584
-0.999553 -0.021329 0.020956 -42.881288 0.021367 -0.999770 0.001610 19.246473 0.020917 0.002057 0.999780 0.491059
-0.999587 -0.019630 0.020971 -43.279386 0.019669 -0.999805 0.001640 19.255294 0.020935 0.002052 0.999779 0.495435
-0.999622 -0.017763 0.020977 -43.940034 0.017802 -0.999840 0.001662 19.270873 0.020944 0.002035 0.999779 0.503174
-0.999639 -0.016762 0.020986 -44.215333 0.016801 -0.999857 0.001665 19.275712 0.020955 0.002017 0.999779 0.506221
-0.999633 -0.017148 0.020987 -44.694368 0.017186 -0.999851 0.001658 19.291521 0.020955 0.002018 0.999779 0.511815
-0.999612 -0.018270 0.021005 -45.279576 0.018309 -0.999831 0.001659 19.312447 0.020971 0.002043 0.999778 0.518453
-0.999608 -0.018464 0.021043 -45.578814 0.018503 -0.999827 0.001684 19.321286 0.021009 0.002073 0.999778 0.521803
-0.999600 -0.018873 0.021056 -45.960092 0.018913 -0.999820 0.001691 19.333910 0.021020 0.002088 0.999777 0.526146
-0.999588 -0.019487 0.021063 -46.586025 0.019527 -0.999808 0.001698 19.355531 0.021025 0.002109 0.999777 0.533540
-0.999597 -0.019049 0.021063 -46.902514 0.019089 -0.999816 0.001717 19.363629 0.021027 0.002118 0.999777 0.537222
-0.999578 -0.019973 0.021076 -47.316412 0.020013 -0.999798 0.001706 19.380626 0.021037 0.002127 0.999777 0.541924
-0.999572 -0.020273 0.021068 -47.923899 0.020313 -0.999792 0.001703 19.403400 0.021029 0.002130 0.999777 0.548949
-0.999561 -0.020836 0.021070 -48.253424 0.020877 -0.999781 0.001702 19.414748 0.021030 0.002142 0.999777 0.552607
-0.999566 -0.020575 0.021067 -48.717514 0.020615 -0.999786 0.001701 19.428864 0.021028 0.002134 0.999777 0.558031
