1.000000 0.000000 0.000000 0.000000 0.000000 1.000000 0.000000 0.000000 0.000000 0.000000 1.000000 0.000000
0.999994 -0.003099 -0.001725 0.019099 0.003098 0.999995 -0.000131 -0.024556 0.001726 0.000126 0.999999 -0.007037
0.999973 -0.006550 -0.003285 0.037714 0.006548 0.999978 -0.000575 -0.045439 0.003289 0.000553 0.999994 -0.007522
0.999924 -0.011265 -0.004926 0.055573 0.011261 0.999936 -0.000806 -0.073726 0.004935 0.000750 0.999988 -0.025083
0.999787 -0.019522 -0.006718 0.080146 0.019519 0.999809 -0.000534 -0.087838 0.006727 0.000403 0.999977 -0.037580
0.999587 -0.027070 -0.009603 0.103234 0.027065 0.999634 -0.000594 -0.102263 0.009615 0.000334 0.999954 -0.048439
0.999339 -0.034460 -0.011570 0.126256 0.034451 0.999406 -0.000951 -0.118169 0.011596 0.000552 0.999933 -0.064823
0.998918 -0.044263 -0.014250 0.152449 0.044254 0.999020 -0.000967 -0.127214 0.014279 0.000336 0.999898 -0.078973
0.998614 -0.050533 -0.014696 0.180227 0.050518 0.998722 -0.001398 -0.131676 0.014748 0.000654 0.999891 -0.081304
0.998072 -0.059527 -0.017578 0.207586 0.059507 0.998227 -0.001648 -0.139718 0.017645 0.000599 0.999844 -0.095025
0.997746 -0.064253 -0.019372 0.230319 0.064230 0.997933 -0.001795 -0.160510 0.019448 0.000547 0.999811 -0.103117
0.997438 -0.068494 -0.020617 0.245372 0.068457 0.997651 -0.002485 -0.192449 0.020739 0.001067 0.999784 -0.118610
0.996851 -0.075872 -0.023060 0.265195 0.075845 0.997117 -0.002069 -0.210578 0.023151 0.000313 0.999732 -0.131111
0.995911 -0.086808 -0.024996 0.294776 0.086782 0.996225 -0.002091 -0.218215 0.025084 -0.000086 0.999685 -0.152643
0.995687 -0.089103 -0.025847 0.314087 0.089072 0.996022 -0.002358 -0.239200 0.025954 0.000046 0.999663 -0.154711
0.995059 -0.095194 -0.028209 0.337287 0.095152 0.995459 -0.002850 -0.256721 0.028352 0.000152 0.999598 -0.165045
0.994595 -0.099443 -0.029850 0.361065 0.099393 0.995043 -0.003148 -0.277713 0.030016 0.000164 0.999549 -0.175265
0.994090 -0.103751 -0.031947 0.379952 0.103674 0.994603 -0.004068 -0.296713 0.032196 0.000731 0.999481 -0.175599
0.993329 -0.109954 -0.034741 0.404312 0.109871 0.993937 -0.004296 -0.310385 0.035002 0.000450 0.999387 -0.184542
0.992016 -0.120424 -0.037455 0.440039 0.120318 0.992722 -0.005079 -0.314126 0.037794 0.000532 0.999285 -0.197422
0.991276 -0.125844 -0.039177 0.461696 0.125715 0.992050 -0.005749 -0.334149 0.039589 0.000774 0.999216 -0.205312
0.990750 -0.129553 -0.040374 0.482860 0.129434 0.991572 -0.005575 -0.356247 0.040756 0.000298 0.999169 -0.211444
0.990082 -0.134158 -0.041699 0.503882 0.133980 0.990959 -0.007026 -0.382692 0.042265 0.001370 0.999106 -0.229406
0.989075 -0.140757 -0.043806 0.526265 0.140564 0.990044 -0.007458 -0.398297 0.044419 0.001219 0.999012 -0.234630
0.987996 -0.147408 -0.046196 0.552463 0.147220 0.989076 -0.007464 -0.412680 0.046792 0.000573 0.998905 -0.253380
0.986994 -0.153668 -0.047216 0.578640 0.153463 0.988122 -0.007951 -0.429932 0.047877 0.000602 0.998853 -0.267426
0.986777 -0.154758 -0.048173 0.601951 0.154557 0.987952 -0.007902 -0.454863 0.048815 0.000352 0.998808 -0.275735
0.985284 -0.163289 -0.050524 0.625884 0.163059 0.986578 -0.008662 -0.463399 0.051260 0.000296 0.998685 -0.290567
0.983558 -0.172970 -0.051911 0.654575 0.172756 0.984927 -0.008617 -0.477973 0.052619 -0.000493 0.998615 -0.319761
0.982595 -0.177984 -0.053188 0.678696 0.177721 0.984033 -0.009683 -0.495945 0.054062 0.000062 0.998538 -0.328942
0.980833 -0.186595 -0.056122 0.705443 0.186329 0.982437 -0.009984 -0.504207 0.057000 -0.000664 0.998374 -0.344633
0.979222 -0.194214 -0.058354 0.730923 0.193955 0.980958 -0.010117 -0.514674 0.059207 -0.001411 0.998245 -0.360699
0.978932 -0.195344 -0.059437 0.754495 0.195063 0.980734 -0.010548 -0.535232 0.060353 -0.001269 0.998176 -0.365088
0.978269 -0.198152 -0.061036 0.782353 0.197847 0.980171 -0.011060 -0.559777 0.062017 -0.001256 0.998074 -0.378252
0.975849 -0.209119 -0.063147 0.812880 0.208850 0.977887 -0.010903 -0.563501 0.064031 -0.002549 0.997945 -0.398741
0.974646 -0.214272 -0.064439 0.837232 0.213940 0.976772 -0.012089 -0.581978 0.065532 -0.002003 0.997848 -0.403759
0.974279 -0.215539 -0.065752 0.864614 0.215213 0.976492 -0.012078 -0.608197 0.066810 -0.002383 0.997763 -0.417177
0.973426 -0.219121 -0.066539 0.888792 0.218796 0.975694 -0.012227 -0.625919 0.067601 -0.002656 0.997709 -0.421295
0.973127 -0.220001 -0.068000 0.911553 0.219616 0.975497 -0.013182 -0.649391 0.069234 -0.002106 0.997598 -0.425240
0.973013 -0.220055 -0.069433 0.936043 0.219668 0.975485 -0.013259 -0.677263 0.070649 -0.002351 0.997499 -0.436451
0.971932 -0.224333 -0.070874 0.963449 0.223880 0.974511 -0.014366 -0.704232 0.072290 -0.001905 0.997382 -0.455571
0.970743 -0.229066 -0.072023 0.987560 0.228598 0.973409 -0.014778 -0.726791 0.073493 -0.002119 0.997294 -0.469534
0.968212 -0.238871 -0.074199 1.012926 0.238464 0.971044 -0.014428 -0.732367 0.075497 -0.003725 0.997139 -0.486826
0.966151 -0.246431 -0.076316 1.039978 0.246035 0.969150 -0.014697 -0.742321 0.077583 -0.004577 0.996975 -0.496306
0.963460 -0.256265 -0.077923 1.073966 0.255828 0.966595 -0.015715 -0.740591 0.079347 -0.004794 0.996836 -0.503346
0.961778 -0.261967 -0.079719 1.093232 0.261476 0.965065 -0.016718 -0.754451 0.081314 -0.004765 0.996677 -0.517821
0.958815 -0.271820 -0.082378 1.118854 0.271301 0.962333 -0.017648 -0.759075 0.084072 -0.005428 0.996445 -0.538143
0.957382 -0.276229 -0.084366 1.140762 0.275726 0.961072 -0.017794 -0.776522 0.085997 -0.006227 0.996276 -0.537485
0.956570 -0.278725 -0.085360 1.166154 0.278229 0.960348 -0.017893 -0.795961 0.086963 -0.006633 0.996190 -0.544464
0.954272 -0.285772 -0.087739 1.184942 0.285318 0.958265 -0.017937 -0.810251 0.089203 -0.007917 0.995982 -0.554769
0.951103 -0.295702 -0.089230 1.224276 0.295258 0.955240 -0.018447 -0.796741 0.090691 -0.008801 0.995840 -0.567614
0.948635 -0.302806 -0.091652 1.247629 0.302342 0.953005 -0.019239 -0.806713 0.093171 -0.009460 0.995605 -0.582394
0.946883 -0.307709 -0.093417 1.274275 0.307216 0.951430 -0.019975 -0.822905 0.095026 -0.009785 0.995427 -0.590138
0.944518 -0.314450 -0.094903 1.299633 0.313914 0.949221 -0.020917 -0.832614 0.096662 -0.010035 0.995267 -0.597373
0.943860 -0.316179 -0.095697 1.328444 0.315630 0.948645 -0.021225 -0.853246 0.097493 -0.010172 0.995184 -0.606805
0.942434 -0.320047 -0.096889 1.355317 0.319461 0.947346 -0.021929 -0.870017 0.098806 -0.010286 0.995054 -0.613785
0.939899 -0.326676 -0.099356 1.382031 0.326096 0.945069 -0.022486 -0.879591 0.101244 -0.011265 0.994798 -0.626634
0.936970 -0.334692 -0.100338 1.409350 0.334082 0.942256 -0.023323 -0.878874 0.102350 -0.011668 0.994680 -0.625976
0.933245 -0.344267 -0.102638 1.437890 0.343708 0.938779 -0.023643 -0.881107 0.104494 -0.013213 0.994438 -0.641138
0.931774 -0.347819 -0.104016 1.462583 0.347112 0.937479 -0.025410 -0.900243 0.106351 -0.012429 0.994251 -0.647989
0.930527 -0.350924 -0.104745 1.495087 0.350135 0.936326 -0.026435 -0.922270 0.107352 -0.012076 0.994148 -0.664156
0.930370 -0.351018 -0.105822 1.525226 0.350127 0.936299 -0.027499 -0.943212 0.108734 -0.011466 0.994005 -0.673479
0.929819 -0.351998 -0.107398 1.551875 0.350921 0.935944 -0.029399 -0.957989 0.110867 -0.010353 0.993781 -0.677419
0.925472 -0.362665 -0.109431 1.585493 0.361653 0.931841 -0.029664 -0.960465 0.112731 -0.012123 0.993552 -0.700808
0.922590 -0.369200 -0.111889 1.613377 0.368112 0.929265 -0.030995 -0.964277 0.115418 -0.012592 0.993237 -0.711048
0.922012 -0.370202 -0.113333 1.642330 0.369061 0.928866 -0.031663 -0.984651 0.116993 -0.012633 0.993053 -0.718114
0.918296 -0.378534 -0.115954 1.668471 0.377404 0.925482 -0.032406 -0.988491 0.119580 -0.014003 0.992726 -0.737561
0.915207 -0.385333 -0.117961 1.694799 0.384204 0.922655 -0.033087 -0.990381 0.121587 -0.015040 0.992467 -0.736145
0.913708 -0.388847 -0.118053 1.719021 0.387596 0.921190 -0.034325 -0.999795 0.122096 -0.014394 0.992414 -0.734898
0.911901 -0.392755 -0.119078 1.750981 0.391434 0.919530 -0.035279 -1.008929 0.123352 -0.014440 0.992258 -0.743721
0.910309 -0.396176 -0.119924 1.781744 0.394811 0.918058 -0.035961 -1.022233 0.124344 -0.014611 0.992132 -0.752875
0.908461 -0.400187 -0.120621 1.810498 0.398835 0.916308 -0.036213 -1.031498 0.125018 -0.015209 0.992038 -0.758849
0.905086 -0.407064 -0.122955 1.835839 0.405778 0.913244 -0.036469 -1.031446 0.127133 -0.016884 0.991742 -0.767594
0.901134 -0.414995 -0.125447 1.864949 0.413691 0.909644 -0.037522 -1.023628 0.129684 -0.018084 0.991391 -0.777246
0.897544 -0.422435 -0.126343 1.893270 0.421014 0.906212 -0.039079 -1.016682 0.131002 -0.018117 0.991217 -0.780275
0.891584 -0.434180 -0.128706 1.926332 0.432827 0.900599 -0.039784 -0.995451 0.133186 -0.020237 0.990885 -0.786615
0.888766 -0.439720 -0.129383 1.953739 0.438330 0.897898 -0.040578 -1.001389 0.134016 -0.020648 0.990764 -0.790891
0.887255 -0.442283 -0.131015 1.977929 0.440750 0.896644 -0.042074 -1.014446 0.136082 -0.020415 0.990487 -0.789502
0.884888 -0.446714 -0.131979 2.009007 0.445128 0.894437 -0.042955 -1.023653 0.137235 -0.020737 0.990322 -0.796312
0.881067 -0.453862 -0.133156 2.039535 0.452206 0.890818 -0.044190 -1.029040 0.138674 -0.021280 0.990110 -0.813364
0.875459 -0.464055 -0.134998 2.071239 0.462422 0.885510 -0.045137 -1.014207 0.140488 -0.022911 0.989817 -0.822334
0.871584 -0.470865 -0.136482 2.101538 0.469231 0.881879 -0.045951 -1.015781 0.141997 -0.023991 0.989577 -0.837741
0.867348 -0.478131 -0.138195 2.125906 0.476343 0.877953 -0.047917 -1.019781 0.144240 -0.024267 0.989245 -0.849222
0.865004 -0.481950 -0.139615 2.154121 0.479937 0.875877 -0.050007 -1.034963 0.146386 -0.023750 0.988943 -0.852366
0.861170 -0.488064 -0.142058 2.182698 0.486091 0.872438 -0.050674 -1.040781 0.148669 -0.025414 0.988561 -0.870036
0.855827 -0.496783 -0.144108 2.212179 0.494693 0.867477 -0.052571 -1.035149 0.151126 -0.026297 0.988165 -0.884511
0.853688 -0.500117 -0.145256 2.244504 0.497923 0.865554 -0.053750 -1.045850 0.152609 -0.026441 0.987933 -0.891970
0.851292 -0.503878 -0.146317 2.274799 0.501659 0.863351 -0.054440 -1.053044 0.153754 -0.027056 0.987739 -0.895814
0.849611 -0.506416 -0.147319 2.307622 0.504135 0.861856 -0.055249 -1.064261 0.154947 -0.027329 0.987545 -0.905015
0.848005 -0.508861 -0.148150 2.336183 0.506463 0.860418 -0.056361 -1.077233 0.156150 -0.027238 0.987358 -0.908361
0.842739 -0.516928 -0.150254 2.367957 0.514473 0.855553 -0.057852 -1.071567 0.158456 -0.028548 0.986954 -0.924690
0.840479 -0.520270 -0.151376 2.398779 0.517810 0.853500 -0.058407 -1.080854 0.159587 -0.029294 0.986749 -0.931438
0.837973 -0.523871 -0.152840 2.431170 0.521380 0.851267 -0.059218 -1.089525 0.161130 -0.030064 0.986475 -0.936884
0.834165 -0.529282 -0.155012 2.460935 0.526764 0.847868 -0.060333 -1.093364 0.163363 -0.031327 0.986069 -0.950874
0.831847 -0.532608 -0.156073 2.489494 0.530064 0.845759 -0.061036 -1.102385 0.164508 -0.031956 0.985858 -0.957688
0.832836 -0.530781 -0.157021 2.520837 0.528146 0.846918 -0.061581 -1.123741 0.165670 -0.031643 0.985674 -0.964536
0.830228 -0.534422 -0.158473 2.555622 0.531770 0.844592 -0.062332 -1.132723 0.167156 -0.032522 0.985394 -0.974497
0.825859 -0.540600 -0.160338 2.585600 0.538057 0.840573 -0.062706 -1.133041 0.168675 -0.034485 0.985069 -0.989610
0.824009 -0.543316 -0.160676 2.621066 0.540508 0.838855 -0.064603 -1.151656 0.169884 -0.033614 0.984891 -1.006899
0.820594 -0.548207 -0.161536 2.649370 0.545249 0.835660 -0.066155 -1.147153 0.171256 -0.033791 0.984647 -1.007552
0.816392 -0.554097 -0.162726 2.680694 0.551115 0.831722 -0.067160 -1.153574 0.172556 -0.034852 0.984383 -1.023489
0.814156 -0.557077 -0.163754 2.715516 0.554015 0.829713 -0.068144 -1.163684 0.173831 -0.035242 0.984145 -1.034109
0.811219 -0.560965 -0.165050 2.742896 0.557847 0.827058 -0.069152 -1.170534 0.175297 -0.035975 0.983858 -1.034454
0.809618 -0.562955 -0.166133 2.780396 0.559784 0.825685 -0.069899 -1.182860 0.176523 -0.036407 0.983623 -1.046371
0.805734 -0.568182 -0.167219 2.808865 0.565027 0.822045 -0.070619 -1.184722 0.177586 -0.037584 0.983388 -1.051791
0.804979 -0.568964 -0.168192 2.839903 0.565794 0.821484 -0.070999 -1.195887 0.178563 -0.038009 0.983194 -1.056929
0.802056 -0.572829 -0.169034 2.871663 0.569673 0.818751 -0.071549 -1.198595 0.179382 -0.038908 0.983010 -1.063397
0.797422 -0.578779 -0.170681 2.901518 0.575719 0.814464 -0.072084 -1.198724 0.180734 -0.040783 0.982686 -1.074482
0.792174 -0.585441 -0.172393 2.930667 0.582393 0.809605 -0.073198 -1.197431 0.182423 -0.042415 0.982305 -1.081486
0.789685 -0.588585 -0.173107 2.958505 0.585505 0.807292 -0.073913 -1.204127 0.183252 -0.042987 0.982126 -1.085088
0.785064 -0.594423 -0.174168 2.987852 0.591392 0.802925 -0.074615 -1.198210 0.184197 -0.044424 0.981885 -1.091497
0.778281 -0.602676 -0.176237 3.016157 0.599784 0.796600 -0.075416 -1.188517 0.185842 -0.047009 0.981455 -1.099947
0.772620 -0.609426 -0.177926 3.044615 0.606552 0.791345 -0.076610 -1.181835 0.187489 -0.048731 0.981057 -1.109527
0.768996 -0.613721 -0.178862 3.077097 0.610792 0.787970 -0.077697 -1.187018 0.188622 -0.049499 0.980802 -1.116639
0.766978 -0.616213 -0.178958 3.107611 0.613068 0.786054 -0.079167 -1.198012 0.189454 -0.048995 0.980666 -1.119928
0.764502 -0.619064 -0.179709 3.148666 0.615776 0.783802 -0.080468 -1.220344 0.190671 -0.049142 0.980423 -1.145328
0.760379 -0.623724 -0.181084 3.179387 0.620251 0.780065 -0.082388 -1.223457 0.192645 -0.049671 0.980011 -1.151771
0.754712 -0.630193 -0.182390 3.208256 0.626777 0.774733 -0.083305 -1.218420 0.193801 -0.051447 0.979691 -1.160697
0.751529 -0.633815 -0.182980 3.242547 0.630243 0.771759 -0.084742 -1.228464 0.194927 -0.051635 0.979458 -1.172685
0.748431 -0.637276 -0.183657 3.272506 0.633501 0.768902 -0.086417 -1.233320 0.196286 -0.051670 0.979185 -1.177265
0.744088 -0.642051 -0.184671 3.303761 0.638154 0.764869 -0.087950 -1.238204 0.197718 -0.052406 0.978857 -1.182633
0.741073 -0.645242 -0.185669 3.339856 0.641095 0.762179 -0.089894 -1.246444 0.199517 -0.052413 0.978492 -1.192617
0.739095 -0.647284 -0.186446 3.368140 0.642933 0.760451 -0.091389 -1.251609 0.200937 -0.052327 0.978206 -1.193110
0.734378 -0.652544 -0.186746 3.396732 0.648043 0.755912 -0.092945 -1.250853 0.201814 -0.052763 0.978002 -1.196324
0.728996 -0.658195 -0.188000 3.427297 0.653683 0.750890 -0.094146 -1.245686 0.203133 -0.054260 0.977646 -1.206470
0.725011 -0.662470 -0.188395 3.461609 0.657794 0.747099 -0.095662 -1.254892 0.204123 -0.054569 0.977423 -1.220849
0.722676 -0.665048 -0.188283 3.496875 0.660150 0.744836 -0.097069 -1.266801 0.204796 -0.054146 0.977306 -1.230285
0.717929 -0.669981 -0.188950 3.527455 0.664941 0.740352 -0.098651 -1.269823 0.205984 -0.054816 0.977019 -1.239052
0.714763 -0.673350 -0.188980 3.559815 0.668035 0.737318 -0.100465 -1.276966 0.206986 -0.054437 0.976828 -1.245053
0.710623 -0.677664 -0.189172 3.592960 0.672236 0.733320 -0.101691 -1.280762 0.207636 -0.054905 0.976664 -1.253139
0.704535 -0.683512 -0.190897 3.618975 0.678118 0.727715 -0.102899 -1.267499 0.209251 -0.056955 0.976202 -1.257534
0.697696 -0.690282 -0.191650 3.647765 0.684944 0.721150 -0.103902 -1.248522 0.209930 -0.058778 0.975948 -1.262409
0.690757 -0.696778 -0.193273 3.675837 0.691650 0.714643 -0.104435 -1.237422 0.210889 -0.061538 0.975571 -1.270030
0.687193 -0.700114 -0.193923 3.712136 0.694934 0.711306 -0.105407 -1.238576 0.211735 -0.062329 0.975338 -1.280712
0.683208 -0.703812 -0.194616 3.743429 0.698534 0.707582 -0.106669 -1.240835 0.212781 -0.063069 0.975062 -1.286368
0.678377 -0.708403 -0.194857 3.771884 0.703016 0.702926 -0.108001 -1.234761 0.213479 -0.063722 0.974867 -1.294055
0.673752 -0.712767 -0.194992 3.807249 0.707224 0.698463 -0.109476 -1.245976 0.214226 -0.064143 0.974676 -1.318609
0.671669 -0.714680 -0.195173 3.839343 0.708960 0.696514 -0.110655 -1.255023 0.215023 -0.064046 0.974507 -1.323738
0.669843 -0.716396 -0.195158 3.875274 0.710498 0.694771 -0.111746 -1.265507 0.215644 -0.063807 0.974385 -1.331230
0.665747 -0.719852 -0.196451 3.907648 0.713923 0.691068 -0.112873 -1.262414 0.217012 -0.065106 0.973995 -1.334848
0.662670 -0.722619 -0.196699 3.941964 0.716382 0.688200 -0.114797 -1.270013 0.218322 -0.064840 0.973720 -1.341620
0.658228 -0.726271 -0.198155 3.975336 0.720067 0.684184 -0.115740 -1.267286 0.219633 -0.066502 0.973313 -1.345409
0.651703 -0.731690 -0.199781 4.003542 0.725615 0.678143 -0.116647 -1.259357 0.220830 -0.068945 0.972873 -1.358362
0.647973 -0.734692 -0.200892 4.036642 0.728635 0.674753 -0.117473 -1.259073 0.221859 -0.070257 0.972545 -1.362186
0.644079 -0.738016 -0.201233 4.072163 0.731641 0.671121 -0.119578 -1.264023 0.223302 -0.070213 0.972218 -1.371252
0.630518 -0.749501 -0.201732 4.103492 0.743628 0.657794 -0.119690 -1.201725 0.222405 -0.074547 0.972100 -1.378460
0.625464 -0.753382 -0.203004 4.134308 0.747384 0.653203 -0.121423 -1.197075 0.224080 -0.075777 0.971620 -1.380007
0.619233 -0.757919 -0.205204 4.161698 0.752077 0.647606 -0.122420 -1.190882 0.225676 -0.078523 0.971033 -1.382323
0.610630 -0.764458 -0.206723 4.190341 0.758801 0.639508 -0.123498 -1.170483 0.226610 -0.081450 0.970574 -1.391209
0.606721 -0.767467 -0.207083 4.216839 0.761631 0.635839 -0.125006 -1.166149 0.227610 -0.081877 0.970304 -1.390318
0.602914 -0.770269 -0.207796 4.248302 0.764347 0.632331 -0.126220 -1.165737 0.228619 -0.082728 0.969995 -1.392202
0.596052 -0.775257 -0.209039 4.278559 0.769526 0.625874 -0.126937 -1.159245 0.229241 -0.085200 0.969634 -1.406883
0.591543 -0.778453 -0.209969 4.307755 0.772641 0.621739 -0.128324 -1.154814 0.230440 -0.086321 0.969250 -1.410342
0.587092 -0.781792 -0.210055 4.339263 0.775750 0.617496 -0.130044 -1.151276 0.231375 -0.086602 0.969002 -1.411341
0.583046 -0.784749 -0.210302 4.382134 0.778461 0.613698 -0.131809 -1.151767 0.232499 -0.086861 0.968710 -1.427937
0.578192 -0.788186 -0.210847 4.408545 0.781626 0.609203 -0.133913 -1.147157 0.233997 -0.087376 0.968303 -1.424326
0.575349 -0.790318 -0.210641 4.451495 0.783465 0.606480 -0.135518 -1.154215 0.234852 -0.087060 0.968125 -1.441208
0.570577 -0.793653 -0.211084 4.480560 0.786473 0.602061 -0.137781 -1.144942 0.236435 -0.087397 0.967709 -1.440291
0.564829 -0.797654 -0.211459 4.508336 0.790303 0.596616 -0.139536 -1.133273 0.237462 -0.088303 0.967375 -1.444092
0.561960 -0.799564 -0.211892 4.545611 0.791999 0.594014 -0.141015 -1.133854 0.238617 -0.088574 0.967066 -1.450672
0.556783 -0.802927 -0.212838 4.578072 0.795363 0.589225 -0.142170 -1.122725 0.239562 -0.090125 0.966689 -1.456827
0.553432 -0.805041 -0.213591 4.611908 0.797319 0.586226 -0.143608 -1.120192 0.240823 -0.090823 0.966310 -1.461537
0.548896 -0.808040 -0.213973 4.637336 0.800293 0.581919 -0.144576 -1.116815 0.241337 -0.091884 0.966082 -1.457695
0.544109 -0.811123 -0.214532 4.680731 0.803180 0.577485 -0.146333 -1.118546 0.242583 -0.092687 0.965693 -1.478844
0.540934 -0.813299 -0.214325 4.723552 0.805087 0.574435 -0.147850 -1.126538 0.243362 -0.092573 0.965508 -1.495576
0.536425 -0.816362 -0.214009 4.766044 0.807990 0.570015 -0.149114 -1.133155 0.243720 -0.092929 0.965383 -1.516714
0.530775 -0.819928 -0.214468 4.801481 0.811339 0.564725 -0.151049 -1.131871 0.244964 -0.093833 0.964981 -1.531220
0.525227 -0.823501 -0.214437 4.833828 0.814759 0.559374 -0.152543 -1.125853 0.245569 -0.094595 0.964753 -1.537308
0.521929 -0.825671 -0.214144 4.876334 0.816538 0.556230 -0.154511 -1.131475 0.246689 -0.094213 0.964504 -1.553213
0.517795 -0.828016 -0.215125 4.908968 0.818810 0.552518 -0.155804 -1.124409 0.247868 -0.095472 0.964078 -1.558481
0.514907 -0.829896 -0.214811 4.947124 0.820345 0.549751 -0.157507 -1.126329 0.248807 -0.095117 0.963871 -1.567238
0.511275 -0.832220 -0.214493 4.998339 0.822343 0.546252 -0.159250 -1.134564 0.249698 -0.094966 0.963656 -1.594783
0.504125 -0.836493 -0.214796 5.022138 0.826655 0.539375 -0.160362 -1.124077 0.249997 -0.096719 0.963404 -1.602622
0.501527 -0.838275 -0.213929 5.068715 0.827966 0.536779 -0.162297 -1.131083 0.250882 -0.095730 0.963273 -1.623394
0.496793 -0.841018 -0.214208 5.097077 0.830653 0.532283 -0.163373 -1.124167 0.251418 -0.096770 0.963029 -1.621461
0.491761 -0.843834 -0.214745 5.133388 0.833213 0.527652 -0.165350 -1.114192 0.252838 -0.097616 0.962572 -1.629082
0.490004 -0.844918 -0.214498 5.184928 0.833931 0.526014 -0.166940 -1.125420 0.253879 -0.097076 0.962352 -1.650475
0.488723 -0.845511 -0.215081 5.215717 0.834244 0.525050 -0.168405 -1.123919 0.255317 -0.097127 0.961967 -1.647319
0.482757 -0.848654 -0.216174 5.243179 0.837361 0.519597 -0.169842 -1.119741 0.256460 -0.099023 0.961469 -1.654417
0.479473 -0.850307 -0.216988 5.285275 0.838640 0.516800 -0.172050 -1.117196 0.258435 -0.099481 0.960893 -1.666168
0.472832 -0.853915 -0.217392 5.315065 0.842171 0.510516 -0.173560 -1.108572 0.259187 -0.101016 0.960530 -1.670729
0.468760 -0.855990 -0.218048 5.357431 0.843983 0.506872 -0.175426 -1.107116 0.260685 -0.101796 0.960042 -1.683666
0.464521 -0.857937 -0.219463 5.387077 0.845695 0.503292 -0.177473 -1.103548 0.262714 -0.103159 0.959343 -1.681951
0.462134 -0.859145 -0.219778 5.418525 0.846563 0.501212 -0.179215 -1.100889 0.264127 -0.103235 0.958947 -1.678738
0.456436 -0.861996 -0.220518 5.448337 0.849478 0.495904 -0.180184 -1.082713 0.264674 -0.105083 0.958596 -1.681675
0.453507 -0.863285 -0.221520 5.472158 0.850779 0.493378 -0.180980 -1.079564 0.265530 -0.106389 0.958215 -1.675211
0.446262 -0.867009 -0.221685 5.487831 0.854447 0.486448 -0.182452 -1.061271 0.266026 -0.107997 0.957897 -1.668902
0.438270 -0.870723 -0.223070 5.512368 0.858182 0.479154 -0.184219 -1.040350 0.267288 -0.110697 0.957238 -1.679487
0.433180 -0.873142 -0.223558 5.538521 0.860560 0.474409 -0.185401 -1.032145 0.267939 -0.112073 0.956895 -1.678837
0.421711 -0.878430 -0.224769 5.551527 0.865872 0.463714 -0.187713 -0.997164 0.269121 -0.115461 0.956161 -1.679249
0.416488 -0.880827 -0.225124 5.582606 0.868122 0.458853 -0.189260 -0.983489 0.270004 -0.116611 0.955772 -1.680331
0.412261 -0.882785 -0.225237 5.622515 0.869614 0.455013 -0.191662 -0.973296 0.271682 -0.116854 0.955267 -1.687511
0.407661 -0.884586 -0.226538 5.649293 0.871216 0.451092 -0.193646 -0.960200 0.273486 -0.118422 0.954559 -1.680940
0.405306 -0.885528 -0.227082 5.677144 0.871607 0.449242 -0.196174 -0.953780 0.275732 -0.118416 0.953913 -1.677367
0.397624 -0.889020 -0.227021 5.695063 0.874956 0.441887 -0.197960 -0.932267 0.276308 -0.119920 0.953558 -1.671454
0.393266 -0.890937 -0.227097 5.724134 0.876749 0.437772 -0.199169 -0.918500 0.276863 -0.120780 0.953289 -1.670337
0.382479 -0.895295 -0.228379 5.744375 0.881193 0.427789 -0.201238 -0.886826 0.277865 -0.124276 0.952548 -1.681171
0.375754 -0.897864 -0.229453 5.761243 0.883864 0.421643 -0.202489 -0.866749 0.278554 -0.126719 0.952024 -1.675041
0.370588 -0.900002 -0.229480 5.786432 0.885973 0.416700 -0.203504 -0.855958 0.278778 -0.127897 0.951801 -1.671369
0.363071 -0.903041 -0.229556 5.808909 0.888822 0.409593 -0.205497 -0.838150 0.279597 -0.129425 0.951355 -1.670206
0.357450 -0.905239 -0.229721 5.839179 0.890746 0.404380 -0.207481 -0.830382 0.280714 -0.130459 0.950884 -1.670222
0.352564 -0.907318 -0.229067 5.883335 0.892630 0.399555 -0.208731 -0.827299 0.280911 -0.130881 0.950768 -1.687751
0.345836 -0.909735 -0.229735 5.906004 0.894718 0.393488 -0.211300 -0.811395 0.282625 -0.132473 0.950039 -1.687076
0.338436 -0.912407 -0.230160 5.929172 0.897448 0.386515 -0.212590 -0.789399 0.282928 -0.134608 0.949649 -1.685140
0.332631 -0.914564 -0.230064 5.956954 0.899432 0.381000 -0.214152 -0.769316 0.283510 -0.135693 0.949321 -1.685408
0.322793 -0.917896 -0.230807 5.973683 0.902743 0.371852 -0.216291 -0.745030 0.284358 -0.138542 0.948655 -1.686649
0.316764 -0.919901 -0.231176 6.000994 0.904776 0.366200 -0.217438 -0.725201 0.284678 -0.140286 0.948303 -1.687008
0.310625 -0.921926 -0.231438 6.026893 0.906741 0.360450 -0.218853 -0.708608 0.285188 -0.141873 0.947914 -1.684714
0.303704 -0.924305 -0.231133 6.056578 0.908835 0.353862 -0.220908 -0.691757 0.285976 -0.142971 0.947511 -1.689565
0.299126 -0.926028 -0.230207 6.100498 0.910286 0.349284 -0.222218 -0.685331 0.286188 -0.143083 0.947431 -1.705828
0.290459 -0.928915 -0.229674 6.116468 0.913154 0.340816 -0.223598 -0.663642 0.285979 -0.144782 0.947235 -1.701467
0.284775 -0.930598 -0.229977 6.142300 0.914915 0.335457 -0.224501 -0.644004 0.286067 -0.146477 0.946948 -1.700010
0.280464 -0.931844 -0.230232 6.165854 0.915846 0.331595 -0.226432 -0.633000 0.287343 -0.147351 0.946426 -1.691756
0.276936 -0.932917 -0.230157 6.195990 0.916921 0.328198 -0.227029 -0.616286 0.287335 -0.148163 0.946302 -1.691014
0.273333 -0.934020 -0.229989 6.224394 0.917766 0.324831 -0.228455 -0.599884 0.288088 -0.148631 0.945999 -1.690327
0.266994 -0.935861 -0.229953 6.249697 0.919206 0.318978 -0.230897 -0.586534 0.289437 -0.149726 0.945415 -1.686880
0.263063 -0.937021 -0.229758 6.289633 0.919981 0.315357 -0.232778 -0.569328 0.290574 -0.150138 0.945001 -1.696813
0.257461 -0.938627 -0.229548 6.322458 0.921325 0.310077 -0.234549 -0.553991 0.291332 -0.151101 0.944614 -1.702351
0.253786 -0.939885 -0.228492 6.365456 0.922293 0.306329 -0.235667 -0.547648 0.291494 -0.150927 0.944592 -1.715195
0.249113 -0.941028 -0.228929 6.392104 0.923465 0.302029 -0.236625 -0.527427 0.291814 -0.152462 0.944246 -1.714995
0.244800 -0.942074 -0.229278 6.418412 0.924328 0.298153 -0.238165 -0.510843 0.292729 -0.153625 0.943774 -1.714037
0.241426 -0.942881 -0.229538 6.447673 0.924992 0.295118 -0.239366 -0.491189 0.293434 -0.154531 0.943407 -1.715058
0.238341 -0.943589 -0.229852 6.469888 0.925392 0.292468 -0.241065 -0.478628 0.294690 -0.155247 0.942898 -1.708426
0.229783 -0.945694 -0.229915 6.485101 0.927270 0.284481 -0.243395 -0.456204 0.295584 -0.157265 0.942284 -1.706369
0.222431 -0.947469 -0.229841 6.503114 0.928897 0.277551 -0.245188 -0.439462 0.296101 -0.158960 0.941837 -1.700770
0.219336 -0.948073 -0.230321 6.530990 0.929302 0.274908 -0.246623 -0.429351 0.297134 -0.159944 0.941345 -1.695790
0.209022 -0.950336 -0.230586 6.544616 0.931643 0.265189 -0.248427 -0.394336 0.297238 -0.162897 0.940806 -1.699962
0.199865 -0.951981 -0.231918 6.563800 0.933831 0.256738 -0.249090 -0.369264 0.296671 -0.166788 0.940303 -1.705700
0.193916 -0.953215 -0.231899 6.586901 0.935056 0.251101 -0.250238 -0.351583 0.296761 -0.168313 0.940002 -1.702990
0.182922 -0.955170 -0.232785 6.600925 0.936873 0.241134 -0.253229 -0.324284 0.298009 -0.171769 0.938982 -1.704311
0.179257 -0.956013 -0.232174 6.638308 0.937294 0.237663 -0.254946 -0.311094 0.298911 -0.171915 0.938669 -1.709520
0.172896 -0.957063 -0.232672 6.659439 0.938336 0.231859 -0.256451 -0.289996 0.299387 -0.173985 0.938135 -1.706881
0.167149 -0.958052 -0.232803 6.679968 0.938977 0.226689 -0.258719 -0.275162 0.300640 -0.175352 0.937480 -1.701908
0.161867 -0.958929 -0.232925 6.704279 0.939862 0.221750 -0.259783 -0.253777 0.300764 -0.176867 0.937155 -1.698815
0.156929 -0.959761 -0.232876 6.732120 0.940442 0.217222 -0.261503 -0.235421 0.301567 -0.177969 0.936688 -1.698547
0.152312 -0.960527 -0.232781 6.757293 0.941075 0.212910 -0.262768 -0.217055 0.301958 -0.179042 0.936358 -1.695948
0.150322 -0.960791 -0.232987 6.785152 0.941138 0.211240 -0.263889 -0.206730 0.302758 -0.179605 0.935992 -1.690048
0.146705 -0.961302 -0.233184 6.808413 0.941087 0.208250 -0.266435 -0.195918 0.304685 -0.180359 0.935221 -1.680535
0.141788 -0.962032 -0.233215 6.834760 0.941641 0.203742 -0.267961 -0.175636 0.305302 -0.181611 0.934777 -1.680068
0.137218 -0.962739 -0.233035 6.857910 0.942317 0.199386 -0.268857 -0.156738 0.305303 -0.182701 0.934565 -1.678741
0.132478 -0.963435 -0.232897 6.881349 0.942629 0.195104 -0.270897 -0.141681 0.306430 -0.183648 0.934010 -1.673910
0.128383 -0.963870 -0.233390 6.907514 0.943014 0.191499 -0.272127 -0.124072 0.306989 -0.185154 0.933529 -1.674098
0.121495 -0.964790 -0.233276 6.926861 0.943352 0.185338 -0.275206 -0.106246 0.308751 -0.186625 0.932655 -1.668392
0.117006 -0.965349 -0.233260 6.954867 0.943558 0.181336 -0.277159 -0.084600 0.309853 -0.187665 0.932080 -1.668699
0.112364 -0.965893 -0.233290 6.981100 0.943935 0.177102 -0.278609 -0.065238 0.310423 -0.188905 0.931640 -1.667176
0.108108 -0.966437 -0.233049 7.011002 0.944133 0.173223 -0.280370 -0.046023 0.311329 -0.189718 0.931172 -1.668031
0.103487 -0.966962 -0.232967 7.037447 0.944418 0.169011 -0.281977 -0.025717 0.312035 -0.190837 0.930707 -1.666646
0.097202 -0.967599 -0.233030 7.057966 0.944691 0.163386 -0.284367 -0.005275 0.313227 -0.192500 0.929964 -1.660430
0.090994 -0.968157 -0.233219 7.080369 0.945341 0.157616 -0.285463 0.016310 0.313132 -0.194496 0.929581 -1.660235
0.077451 -0.969154 -0.233968 7.082050 0.946401 0.145276 -0.288480 0.059017 0.313572 -0.199085 0.928461 -1.660633
0.071897 -0.969725 -0.233376 7.101108 0.946943 0.139852 -0.289381 0.077669 0.313258 -0.200188 0.928329 -1.653773
0.070202 -0.969884 -0.233230 7.131652 0.946809 0.138394 -0.290518 0.089546 0.314046 -0.200429 0.928011 -1.650119
0.065788 -0.970325 -0.232684 7.157822 0.946774 0.134340 -0.292528 0.105655 0.315106 -0.201054 0.927516 -1.644275
0.061400 -0.970616 -0.232667 7.190150 0.946768 0.130440 -0.294307 0.126494 0.316009 -0.202211 0.926957 -1.646630
0.058821 -0.970687 -0.233038 7.217077 0.946769 0.128257 -0.295262 0.141054 0.316495 -0.203265 0.926561 -1.641498
0.052508 -0.971192 -0.232438 7.239097 0.946941 0.122332 -0.297217 0.157050 0.317089 -0.204499 0.926086 -1.635709
0.047029 -0.971457 -0.232505 7.262032 0.946976 0.117425 -0.299078 0.178961 0.317843 -0.206111 0.925470 -1.633211
0.039710 -0.971826 -0.232327 7.275413 0.947128 0.110697 -0.301157 0.198899 0.318390 -0.208085 0.924840 -1.623238
0.034032 -0.972039 -0.232339 7.294865 0.947267 0.105491 -0.302585 0.220084 0.318634 -0.209789 0.924371 -1.620199
0.028513 -0.972283 -0.232059 7.316629 0.947417 0.100312 -0.303874 0.243623 0.318730 -0.211192 0.924018 -1.618674
0.026212 -0.972506 -0.231396 7.347219 0.947204 0.098158 -0.305237 0.258098 0.319558 -0.211178 0.923736 -1.613764
0.019128 -0.972630 -0.231568 7.364376 0.947389 0.091649 -0.306684 0.281291 0.319513 -0.213518 0.923213 -1.610595
0.013960 -0.972991 -0.230419 7.396837 0.947416 0.086551 -0.308078 0.297535 0.319700 -0.214002 0.923036 -1.616605
0.010119 -0.973117 -0.230086 7.431334 0.947182 0.083087 -0.309747 0.312803 0.320537 -0.214799 0.922561 -1.618060
0.004050 -0.973236 -0.229769 7.454828 0.946853 0.077638 -0.312159 0.332517 0.321643 -0.216293 0.921826 -1.614242
-0.002324 -0.973391 -0.229135 7.472742 0.946692 0.071671 -0.314067 0.355379 0.322133 -0.217650 0.921336 -1.610552
-0.010501 -0.973378 -0.228964 7.481172 0.946931 0.063887 -0.315025 0.378666 0.321267 -0.220120 0.921051 -1.602338
-0.015219 -0.973425 -0.228497 7.500503 0.946806 0.059438 -0.316271 0.395924 0.321447 -0.221155 0.920741 -1.596986
-0.018471 -0.973601 -0.227506 7.526575 0.946681 0.056171 -0.317240 0.420139 0.321644 -0.221235 0.920653 -1.596265
-0.022678 -0.973628 -0.227011 7.549343 0.946596 0.052139 -0.318179 0.440669 0.321624 -0.222103 0.920451 -1.592506
-0.027934 -0.973633 -0.226400 7.570308 0.946433 0.047127 -0.319445 0.464561 0.321692 -0.223196 0.920162 -1.589214
-0.033771 -0.973615 -0.225682 7.594453 0.946207 0.041560 -0.320882 0.487843 0.321795 -0.224378 0.919839 -1.589072
-0.041492 -0.973370 -0.225453 7.603521 0.946099 0.034267 -0.322060 0.510087 0.321209 -0.226664 0.919483 -1.582986
-0.049344 -0.972969 -0.225600 7.622725 0.945683 0.027155 -0.323956 0.533125 0.321326 -0.229331 0.918781 -1.582504
-0.052064 -0.972897 -0.225302 7.646991 0.945578 0.024539 -0.324469 0.552665 0.321203 -0.229934 0.918673 -1.578517
-0.064525 -0.972367 -0.224361 7.639862 0.945568 0.012288 -0.325193 0.592775 0.318963 -0.233131 0.918647 -1.573978
-0.074578 -0.971674 -0.224246 7.641419 0.945500 0.002578 -0.325614 0.624628 0.316969 -0.236308 0.918526 -1.568606
-0.081981 -0.971218 -0.223640 7.654056 0.944508 -0.004091 -0.328465 0.649592 0.318096 -0.238157 0.917659 -1.563301
-0.086377 -0.971093 -0.222525 7.687484 0.944072 -0.008437 -0.329633 0.668761 0.318226 -0.238552 0.917511 -1.567297
-0.098313 -0.970136 -0.221745 7.680878 0.943649 -0.020122 -0.330338 0.710424 0.316011 -0.241725 0.917446 -1.563134
-0.104116 -0.969672 -0.221122 7.699077 0.943001 -0.025588 -0.331805 0.734719 0.316084 -0.243064 0.917067 -1.559371
-0.110899 -0.969136 -0.220174 7.712195 0.942446 -0.032236 -0.332803 0.756515 0.315434 -0.244409 0.916933 -1.550749
-0.119699 -0.968356 -0.218994 7.721554 0.941419 -0.040657 -0.334781 0.778342 0.315283 -0.246238 0.916496 -1.545693
-0.126663 -0.967587 -0.218476 7.734899 0.940779 -0.047354 -0.335698 0.800106 0.314471 -0.248058 0.916284 -1.540266
-0.138650 -0.966065 -0.217932 7.728403 0.939699 -0.058864 -0.336901 0.842827 0.312640 -0.251501 0.915972 -1.540058
-0.144825 -0.965380 -0.216949 7.741260 0.938838 -0.064839 -0.338203 0.862811 0.312427 -0.252660 0.915726 -1.532377
-0.150053 -0.964714 -0.216358 7.755949 0.938116 -0.069840 -0.339207 0.890690 0.312128 -0.253867 0.915494 -1.529159
-0.156142 -0.963874 -0.215791 7.773206 0.937116 -0.075520 -0.340752 0.911784 0.312146 -0.255427 0.915054 -1.525591
-0.159368 -0.963709 -0.214162 7.814785 0.936301 -0.078778 -0.342249 0.930962 0.312958 -0.255064 0.914878 -1.532434
-0.164388 -0.963004 -0.213541 7.832584 0.935572 -0.083625 -0.343092 0.956401 0.312542 -0.256183 0.914707 -1.527603
-0.169054 -0.962462 -0.212335 7.873579 0.934781 -0.088281 -0.344080 0.979189 0.312419 -0.256655 0.914617 -1.539302
-0.180219 -0.960541 -0.211854 7.864922 0.933026 -0.098744 -0.345995 1.017642 0.311423 -0.260020 0.914006 -1.539705
-0.185105 -0.959952 -0.210303 7.899194 0.932089 -0.103697 -0.347070 1.043624 0.311362 -0.260265 0.913956 -1.548171
-0.190749 -0.958981 -0.209688 7.917350 0.930867 -0.108899 -0.348754 1.069235 0.311613 -0.261716 0.913456 -1.546750
-0.196405 -0.958194 -0.208059 7.948728 0.929660 -0.114520 -0.350170 1.095235 0.311703 -0.262199 0.913287 -1.552941
-0.202348 -0.957275 -0.206590 7.963686 0.928472 -0.120438 -0.351333 1.120566 0.311441 -0.262905 0.913174 -1.547213
-0.209022 -0.956102 -0.205373 7.984175 0.927052 -0.126886 -0.352810 1.146544 0.311264 -0.264136 0.912879 -1.547675
-0.213723 -0.955378 -0.203899 8.021535 0.926054 -0.131680 -0.353673 1.170075 0.311042 -0.264410 0.912875 -1.559408
-0.221583 -0.953746 -0.203148 8.028675 0.924644 -0.139326 -0.354434 1.194996 0.309736 -0.266376 0.912748 -1.552146
-0.226509 -0.952852 -0.201906 8.070848 0.923478 -0.144191 -0.355526 1.220690 0.309651 -0.266985 0.912599 -1.566650
-0.234805 -0.950904 -0.201611 8.071045 0.921818 -0.152021 -0.356571 1.249662 0.308415 -0.269573 0.912256 -1.563657
-0.242267 -0.949074 -0.201406 8.079711 0.920395 -0.159157 -0.357133 1.273028 0.306891 -0.271894 0.912082 -1.557370
-0.247851 -0.947725 -0.200961 8.094019 0.918760 -0.164133 -0.359083 1.295621 0.307328 -0.273634 0.911414 -1.553582
-0.251547 -0.947026 -0.199663 8.116187 0.917661 -0.167807 -0.360194 1.319452 0.307608 -0.273829 0.911261 -1.550662
-0.256075 -0.946085 -0.198362 8.146985 0.916364 -0.172258 -0.361392 1.350140 0.307739 -0.274315 0.911070 -1.557455
-0.263105 -0.944379 -0.197289 8.152987 0.914552 -0.179025 -0.362691 1.376912 0.307199 -0.275857 0.910787 -1.553347
-0.266991 -0.943591 -0.195834 8.199357 0.913427 -0.183006 -0.363541 1.403235 0.307195 -0.275942 0.910762 -1.566824
-0.278801 -0.940291 -0.195250 8.199414 0.910095 -0.193785 -0.366299 1.440460 0.306591 -0.279820 0.909782 -1.578974
-0.283998 -0.938920 -0.194355 8.211439 0.908718 -0.198899 -0.366976 1.463502 0.305904 -0.280834 0.909701 -1.573495
-0.285036 -0.938704 -0.193875 8.232202 0.908166 -0.199787 -0.367858 1.485534 0.306576 -0.280923 0.909447 -1.567744
-0.286409 -0.938323 -0.193698 8.258285 0.907619 -0.200951 -0.368576 1.512654 0.306919 -0.281367 0.909194 -1.566143
-0.293620 -0.936183 -0.193256 8.271119 0.905532 -0.207626 -0.370005 1.538466 0.306268 -0.283640 0.908707 -1.563838
-0.295398 -0.935766 -0.192566 8.287229 0.904777 -0.209285 -0.370917 1.560731 0.306790 -0.283797 0.908482 -1.557177
-0.300445 -0.934368 -0.191545 8.314608 0.903243 -0.214207 -0.371845 1.591083 0.306409 -0.284731 0.908319 -1.562177
-0.307716 -0.932137 -0.190867 8.323245 0.901198 -0.221181 -0.372723 1.619809 0.305213 -0.286702 0.908101 -1.559391
-0.317587 -0.928971 -0.190134 8.326635 0.898154 -0.230406 -0.374477 1.651008 0.304070 -0.289699 0.907533 -1.559470
-0.325240 -0.926441 -0.189540 8.337652 0.895732 -0.237574 -0.375798 1.680960 0.303125 -0.292002 0.907111 -1.567022
-0.328768 -0.925345 -0.188807 8.350611 0.894294 -0.240775 -0.377183 1.704799 0.303564 -0.292854 0.906689 -1.562012
-0.331845 -0.924302 -0.188531 8.366236 0.893209 -0.243591 -0.377943 1.728977 0.303409 -0.293816 0.906430 -1.558620
-0.334898 -0.923280 -0.188138 8.384170 0.892302 -0.246608 -0.378131 1.753497 0.302725 -0.294511 0.906433 -1.554169
-0.340233 -0.921575 -0.186922 8.422177 0.890485 -0.251897 -0.378925 1.786739 0.302123 -0.295374 0.906354 -1.570032
-0.345042 -0.919949 -0.186116 8.435804 0.888831 -0.256556 -0.379682 1.810829 0.301540 -0.296431 0.906203 -1.561575
-0.349285 -0.918629 -0.184716 8.449666 0.887023 -0.260629 -0.381133 1.834455 0.301978 -0.296971 0.905880 -1.555964
-0.356030 -0.916147 -0.184167 8.453452 0.884517 -0.266810 -0.382678 1.862761 0.301451 -0.299143 0.905340 -1.554101
-0.355724 -0.916379 -0.183601 8.476997 0.884167 -0.266318 -0.383828 1.886107 0.302836 -0.298871 0.904968 -1.548654
-0.364821 -0.913057 -0.182298 8.485950 0.880655 -0.274826 -0.385898 1.920750 0.302247 -0.301325 0.904351 -1.555455
-0.366527 -0.912499 -0.181667 8.502596 0.879836 -0.276436 -0.386616 1.944713 0.302568 -0.301542 0.904171 -1.550757
-0.371776 -0.910421 -0.181428 8.500924 0.877782 -0.281150 -0.387883 1.972097 0.302129 -0.303460 0.903676 -1.542324
-0.380229 -0.907114 -0.180470 8.501638 0.874635 -0.289210 -0.389066 2.006422 0.300734 -0.305780 0.903360 -1.545756
-0.381815 -0.906681 -0.179294 8.523216 0.873501 -0.290608 -0.390568 2.032177 0.302016 -0.305739 0.902946 -1.539568
-0.388799 -0.903942 -0.178112 8.541085 0.870683 -0.297288 -0.391831 2.062143 0.301242 -0.307422 0.902633 -1.540165
-0.392383 -0.902635 -0.176875 8.558705 0.869020 -0.300789 -0.392850 2.091909 0.301398 -0.307855 0.902433 -1.537418
-0.397110 -0.900864 -0.175348 8.572818 0.866886 -0.305447 -0.393968 2.119684 0.301352 -0.308455 0.902243 -1.535695
-0.402478 -0.898620 -0.174622 8.581079 0.864708 -0.310582 -0.394740 2.144729 0.300487 -0.309871 0.902047 -1.531182
-0.407628 -0.896574 -0.173190 8.605256 0.862597 -0.315842 -0.395185 2.179849 0.299612 -0.310481 0.902128 -1.540234
-0.414135 -0.893717 -0.172515 8.610336 0.859817 -0.321920 -0.396337 2.210490 0.298677 -0.312468 0.901752 -1.539795
-0.418365 -0.891917 -0.171623 8.626834 0.857757 -0.325834 -0.397600 2.239968 0.298706 -0.313553 0.901366 -1.538914
-0.429886 -0.886550 -0.170960 8.615524 0.852626 -0.336319 -0.399900 2.276936 0.297034 -0.317676 0.900474 -1.548007
-0.434845 -0.884314 -0.169992 8.619045 0.850323 -0.341092 -0.400760 2.302738 0.296415 -0.318817 0.900275 -1.542605
-0.437885 -0.882926 -0.169405 8.634772 0.848655 -0.343752 -0.402021 2.331561 0.296721 -0.319805 0.899823 -1.539634
-0.444545 -0.879802 -0.168306 8.640027 0.845618 -0.350207 -0.402847 2.360973 0.295484 -0.321406 0.899660 -1.536737
-0.450799 -0.876810 -0.167283 8.646364 0.842636 -0.356178 -0.403859 2.389401 0.294526 -0.323018 0.899397 -1.531912
-0.454141 -0.875400 -0.165618 8.661476 0.840834 -0.359678 -0.404514 2.415920 0.294543 -0.322963 0.899411 -1.527105
-0.461389 -0.871811 -0.164514 8.652512 0.837549 -0.366852 -0.404885 2.442214 0.292631 -0.324598 0.899446 -1.521511
-0.466660 -0.869247 -0.163210 8.648465 0.834716 -0.371859 -0.406166 2.467392 0.292368 -0.325775 0.899106 -1.513496
-0.472002 -0.866606 -0.161887 8.661312 0.831837 -0.376967 -0.407361 2.498619 0.291996 -0.326939 0.898805 -1.512521
