1.000000 0.000000 0.000000 0.000000 0.000000 1.000000 0.000000 0.000000 0.000000 0.000000 1.000000 0.000000
0.999996 -0.002702 0.000001 0.287378 0.002702 0.999996 -0.000035 0.006072 -0.000001 0.000035 1.000000 -0.002996
0.999985 -0.005564 -0.000022 0.860001 0.005564 0.999985 -0.000067 0.010201 0.000022 0.000067 1.000000 -0.008460
0.999966 -0.008227 -0.000031 1.252661 0.008227 0.999966 -0.000101 0.019018 0.000032 0.000101 1.000000 -0.012468
0.999942 -0.010783 -0.000049 1.581377 0.010783 0.999942 -0.000127 0.027466 0.000051 0.000127 1.000000 -0.015824
0.999902 -0.013969 -0.000026 2.160063 0.013969 0.999902 -0.000146 0.038763 0.000029 0.000146 1.000000 -0.021318
0.999872 -0.015989 -0.000023 2.475627 0.015989 0.999872 -0.000170 0.047060 0.000026 0.000170 1.000000 -0.024496
0.999817 -0.019147 -0.000029 2.813975 0.019147 0.999817 -0.000215 0.061075 0.000034 0.000215 1.000000 -0.027931
0.999712 -0.024009 -0.000058 3.390962 0.024009 0.999712 -0.000256 0.084427 0.000064 0.000255 1.000000 -0.033490
0.999660 -0.026077 -0.000056 3.628085 0.026077 0.999660 -0.000291 0.094816 0.000064 0.000290 1.000000 -0.035698
0.999483 -0.032140 -0.000045 4.100419 0.032140 0.999483 -0.000343 0.122682 0.000056 0.000341 1.000000 -0.040377
0.999391 -0.034892 -0.000054 4.677905 0.034892 0.999391 -0.000369 0.143065 0.000067 0.000367 1.000000 -0.045836
0.999370 -0.035484 -0.000058 5.003517 0.035484 0.999370 -0.000379 0.152794 0.000071 0.000377 1.000000 -0.049018
0.999296 -0.037515 -0.000060 5.368032 0.037515 0.999296 -0.000405 0.170268 0.000075 0.000403 1.000000 -0.052706
0.999346 -0.036174 -0.000074 6.048139 0.036174 0.999346 -0.000376 0.180924 0.000087 0.000373 1.000000 -0.059057
0.999379 -0.035248 -0.000072 6.276467 0.035248 0.999379 -0.000355 0.182628 0.000084 0.000352 1.000000 -0.061319
0.999385 -0.035065 -0.000073 6.752593 0.035065 0.999385 -0.000334 0.192690 0.000084 0.000331 1.000000 -0.065798
0.999444 -0.033344 -0.000101 7.319179 0.033344 0.999444 -0.000316 0.200157 0.000112 0.000312 1.000000 -0.071202
0.999461 -0.032842 -0.000105 7.615147 0.032842 0.999461 -0.000311 0.204865 0.000115 0.000307 1.000000 -0.074208
0.999467 -0.032658 -0.000109 7.931272 0.032658 0.999467 -0.000306 0.210343 0.000119 0.000303 1.000000 -0.077284
0.999502 -0.031557 -0.000145 8.564068 0.031557 0.999502 -0.000294 0.220187 0.000154 0.000289 1.000000 -0.083355
0.999522 -0.030904 -0.000161 8.842177 0.030904 0.999522 -0.000302 0.223292 0.000170 0.000297 1.000000 -0.086202
0.999505 -0.031448 -0.000170 9.311609 0.031448 0.999505 -0.000308 0.233670 0.000179 0.000302 1.000000 -0.090652
0.999489 -0.031957 -0.000180 9.824905 0.031957 0.999489 -0.000316 0.244215 0.000190 0.000310 1.000000 -0.095445
0.999520 -0.030977 -0.000209 10.403464 0.030977 0.999520 -0.000318 0.250982 0.000219 0.000311 1.000000 -0.100624
0.999513 -0.031190 -0.000241 10.743811 0.031190 0.999513 -0.000329 0.258635 0.000252 0.000322 1.000000 -0.103908
0.999590 -0.028635 -0.000242 11.302884 0.028635 0.999590 -0.000305 0.261728 0.000251 0.000298 1.000000 -0.109070
0.999633 -0.027080 -0.000261 11.684659 0.027079 0.999633 -0.000298 0.262220 0.000269 0.000291 1.000000 -0.112749
0.999704 -0.024306 -0.000269 12.149755 0.024306 0.999705 -0.000273 0.258919 0.000275 0.000266 1.000000 -0.117045
0.999697 -0.024592 -0.000291 12.735132 0.024592 0.999698 -0.000287 0.265508 0.000298 0.000280 1.000000 -0.122382
0.999707 -0.024197 -0.000306 13.016928 0.024197 0.999707 -0.000279 0.267881 0.000313 0.000271 1.000000 -0.125248
0.999748 -0.022436 -0.000320 13.545282 0.022436 0.999748 -0.000280 0.266515 0.000326 0.000273 1.000000 -0.130047
0.999782 -0.020897 -0.000331 13.971374 0.020897 0.999782 -0.000277 0.264345 0.000337 0.000270 1.000000 -0.133968
0.999825 -0.018676 -0.000365 14.555722 0.018676 0.999826 -0.000262 0.261117 0.000369 0.000255 1.000000 -0.139312
0.999850 -0.017289 -0.000372 14.755630 0.017289 0.999850 -0.000245 0.257664 0.000376 0.000238 1.000000 -0.141271
0.999937 -0.011247 -0.000393 15.259356 0.011247 0.999937 -0.000162 0.233458 0.000395 0.000158 1.000000 -0.146063
0.999958 -0.009188 -0.000412 15.712976 0.009188 0.999958 -0.000149 0.227057 0.000414 0.000145 1.000000 -0.150100
0.999966 -0.008239 -0.000424 16.072820 0.008239 0.999966 -0.000142 0.222362 0.000425 0.000139 1.000000 -0.153558
0.999987 -0.005153 -0.000451 16.542733 0.005153 0.999987 -0.000102 0.206969 0.000451 0.000100 1.000000 -0.157884
0.999993 -0.003657 -0.000479 16.879719 0.003657 0.999993 -0.000089 0.198582 0.000479 0.000087 1.000000 -0.160916
0.999996 -0.002756 -0.000489 17.355159 0.002756 0.999996 -0.000097 0.190710 0.000490 0.000095 1.000000 -0.165112
0.999998 -0.001947 -0.000497 17.770985 0.001947 0.999998 -0.000092 0.182684 0.000497 0.000091 1.000000 -0.168445
1.000000 -0.000068 -0.000505 18.329073 0.000068 1.000000 -0.000069 0.169564 0.000505 0.000069 1.000000 -0.173495
0.999999 -0.001377 -0.000522 18.736234 0.001377 0.999999 -0.000093 0.170448 0.000522 0.000092 1.000000 -0.177209
0.999999 -0.001219 -0.000531 19.258151 0.001219 0.999999 -0.000096 0.163806 0.000531 0.000095 1.000000 -0.181965
0.999999 -0.001198 -0.000557 19.637600 0.001198 0.999999 -0.000111 0.159766 0.000557 0.000111 1.000000 -0.185400
0.999994 -0.003274 -0.000566 20.093739 0.003274 0.999995 -0.000124 0.163097 0.000566 0.000123 1.000000 -0.189680
0.999993 -0.003775 -0.000575 20.573221 0.003775 0.999993 -0.000129 0.159420 0.000576 0.000127 1.000000 -0.194003
0.999996 -0.002756 -0.000596 21.073264 0.002756 0.999996 -0.000135 0.151516 0.000596 0.000133 1.000000 -0.198501
0.999993 -0.003604 -0.000600 21.396908 0.003604 0.999994 -0.000145 0.152028 0.000600 0.000143 1.000000 -0.201606
0.999972 -0.007397 -0.000650 21.992208 0.007397 0.999973 -0.000204 0.160021 0.000652 0.000199 1.000000 -0.206801
0.999972 -0.007507 -0.000648 22.248772 0.007506 0.999972 -0.000219 0.160741 0.000650 0.000214 1.000000 -0.209213
0.999955 -0.009424 -0.000644 22.730045 0.009423 0.999956 -0.000239 0.165267 0.000646 0.000233 1.000000 -0.213518
0.999921 -0.012545 -0.000630 23.280953 0.012545 0.999921 -0.000291 0.174368 0.000634 0.000283 1.000000 -0.218492
0.999919 -0.012683 -0.000652 23.539345 0.012683 0.999920 -0.000288 0.175910 0.000656 0.000279 1.000000 -0.220836
0.999904 -0.013840 -0.000649 24.006710 0.013839 0.999904 -0.000308 0.180148 0.000653 0.000299 1.000000 -0.225011
0.999849 -0.017395 -0.000649 24.619539 0.017395 0.999849 -0.000356 0.193313 0.000655 0.000345 1.000000 -0.230439
0.999840 -0.017887 -0.000660 24.864481 0.017887 0.999840 -0.000374 0.196807 0.000666 0.000362 1.000000 -0.232891
0.999800 -0.019978 -0.000663 25.358867 0.019978 0.999800 -0.000410 0.206965 0.000671 0.000396 1.000000 -0.237284
0.999753 -0.022212 -0.000663 25.971502 0.022212 0.999753 -0.000425 0.218681 0.000672 0.000411 1.000000 -0.242698
0.999709 -0.024132 -0.000663 26.388349 0.024132 0.999709 -0.000444 0.230316 0.000674 0.000427 1.000000 -0.246450
0.999679 -0.025326 -0.000661 26.720597 0.025326 0.999679 -0.000461 0.240303 0.000673 0.000444 1.000000 -0.249594
0.999617 -0.027653 -0.000662 27.333510 0.027652 0.999618 -0.000480 0.254641 0.000675 0.000461 1.000000 -0.254817
0.999571 -0.029267 -0.000673 27.568338 0.029267 0.999572 -0.000486 0.264860 0.000687 0.000466 1.000000 -0.257159
0.999543 -0.030235 -0.000681 28.043670 0.030235 0.999543 -0.000501 0.274896 0.000695 0.000481 1.000000 -0.261495
0.999488 -0.031990 -0.000672 28.614745 0.031990 0.999488 -0.000528 0.291146 0.000689 0.000506 1.000000 -0.266493
0.999513 -0.031212 -0.000701 29.020614 0.031212 0.999513 -0.000537 0.296792 0.000718 0.000515 1.000000 -0.270012
0.999423 -0.033971 -0.000738 29.358816 0.033971 0.999423 -0.000586 0.313644 0.000757 0.000560 1.000000 -0.273035
0.999384 -0.035087 -0.000736 30.040153 0.035086 0.999384 -0.000598 0.331611 0.000757 0.000572 1.000000 -0.278640
0.999365 -0.035617 -0.000738 30.399128 0.035617 0.999365 -0.000605 0.341595 0.000760 0.000578 1.000000 -0.281935
0.999378 -0.035254 -0.000740 30.711152 0.035254 0.999378 -0.000605 0.348668 0.000761 0.000578 1.000000 -0.284696
0.999367 -0.035564 -0.000729 31.366994 0.035564 0.999367 -0.000598 0.364528 0.000750 0.000571 1.000000 -0.290181
0.999374 -0.035376 -0.000735 31.718640 0.035375 0.999374 -0.000594 0.372042 0.000755 0.000568 1.000000 -0.293325
0.999427 -0.033839 -0.000745 32.125759 0.033838 0.999427 -0.000588 0.375246 0.000765 0.000563 1.000000 -0.296811
0.999476 -0.032359 -0.000745 32.703470 0.032358 0.999476 -0.000567 0.381880 0.000763 0.000543 1.000000 -0.301920
0.999524 -0.030833 -0.000762 32.973295 0.030833 0.999524 -0.000565 0.382180 0.000779 0.000542 1.000000 -0.304481
0.999589 -0.028645 -0.000764 33.479817 0.028645 0.999589 -0.000540 0.382317 0.000779 0.000518 1.000000 -0.308898
0.999610 -0.027920 -0.000756 34.062529 0.027919 0.999610 -0.000515 0.389290 0.000770 0.000494 1.000000 -0.313954
0.999649 -0.026461 -0.000764 34.381880 0.026461 0.999650 -0.000512 0.390905 0.000777 0.000492 1.000000 -0.316998
0.999657 -0.026170 -0.000787 34.783999 0.026170 0.999657 -0.000535 0.395877 0.000801 0.000514 1.000000 -0.320529
0.999696 -0.024644 -0.000803 35.353533 0.024644 0.999696 -0.000525 0.397450 0.000815 0.000506 1.000000 -0.325523
0.999688 -0.024974 -0.000822 35.585338 0.024974 0.999688 -0.000540 0.402007 0.000835 0.000519 1.000000 -0.327707
0.999731 -0.023174 -0.000827 36.031508 0.023174 0.999731 -0.000539 0.401988 0.000840 0.000519 1.000000 -0.331610
0.999752 -0.022260 -0.000830 36.559564 0.022260 0.999752 -0.000542 0.405002 0.000842 0.000523 1.000000 -0.336219
0.999740 -0.022780 -0.000833 37.015766 0.022780 0.999740 -0.000567 0.410694 0.000846 0.000548 1.000000 -0.340324
0.999772 -0.021354 -0.000853 37.461621 0.021354 0.999772 -0.000565 0.409990 0.000865 0.000547 1.000000 -0.344296
0.999817 -0.019091 -0.000861 38.076309 0.019090 0.999818 -0.000540 0.407281 0.000872 0.000523 1.000000 -0.349557
0.999807 -0.019610 -0.000849 38.318612 0.019609 0.999807 -0.000546 0.410137 0.000859 0.000529 1.000000 -0.351888
0.999839 -0.017922 -0.000853 38.841302 0.017922 0.999839 -0.000526 0.407173 0.000862 0.000511 1.000000 -0.356498
0.999845 -0.017599 -0.000860 39.430400 0.017599 0.999845 -0.000530 0.407847 0.000870 0.000515 1.000000 -0.361626
0.999823 -0.018794 -0.000861 39.709249 0.018794 0.999823 -0.000546 0.414339 0.000871 0.000530 1.000000 -0.364070
0.999812 -0.019360 -0.000865 40.195968 0.019360 0.999812 -0.000556 0.418584 0.000875 0.000539 1.000000 -0.368226
0.999818 -0.019060 -0.000883 40.713279 0.019060 0.999818 -0.000564 0.421673 0.000894 0.000547 0.999999 -0.372704
0.999769 -0.021450 -0.000896 41.148084 0.021450 0.999770 -0.000587 0.433165 0.000909 0.000567 0.999999 -0.376565
0.999724 -0.023470 -0.000901 41.721626 0.023470 0.999724 -0.000617 0.444185 0.000915 0.000595 0.999999 -0.381418
0.999736 -0.022946 -0.000923 42.154978 0.022946 0.999736 -0.000628 0.447349 0.000937 0.000607 0.999999 -0.385085
0.999738 -0.022865 -0.000956 42.541728 0.022864 0.999738 -0.000642 0.450752 0.000971 0.000620 0.999999 -0.388500
0.999699 -0.024510 -0.000933 42.969805 0.024510 0.999699 -0.000660 0.461084 0.000949 0.000637 0.999999 -0.392290
0.999709 -0.024117 -0.000928 43.391797 0.024117 0.999709 -0.000649 0.464849 0.000943 0.000627 0.999999 -0.395996
0.999656 -0.026194 -0.000959 43.811233 0.026193 0.999657 -0.000677 0.477192 0.000976 0.000651 0.999999 -0.399841
0.999648 -0.026496 -0.000959 44.227140 0.026495 0.999649 -0.000673 0.484379 0.000977 0.000647 0.999999 -0.403363
0.999639 -0.026839 -0.000972 44.715858 0.026839 0.999639 -0.000682 0.491536 0.000990 0.000655 0.999999 -0.407524
0.999615 -0.027714 -0.000983 45.318451 0.027713 0.999615 -0.000702 0.502812 0.001002 0.000674 0.999999 -0.412512
0.999612 -0.027834 -0.000978 45.711030 0.027833 0.999612 -0.000705 0.509638 0.000997 0.000677 0.999999 -0.415927
0.999607 -0.027994 -0.000982 46.225302 0.027993 0.999608 -0.000717 0.517631 0.001002 0.000690 0.999999 -0.420351
0.999618 -0.027613 -0.000989 46.590434 0.027612 0.999618 -0.000724 0.522737 0.001009 0.000697 0.999999 -0.423489
0.999608 -0.027984 -0.000994 46.970058 0.027983 0.999608 -0.000744 0.530226 0.001015 0.000716 0.999999 -0.426695
0.999658 -0.026113 -0.001006 47.590336 0.026113 0.999659 -0.000722 0.534190 0.001024 0.000695 0.999999 -0.431962
0.999708 -0.024148 -0.001003 48.065934 0.024147 0.999708 -0.000700 0.534911 0.001019 0.000675 0.999999 -0.436014
0.999676 -0.025441 -0.001009 48.496979 0.025440 0.999676 -0.000727 0.543903 0.001027 0.000701 0.999999 -0.439842
0.999692 -0.024771 -0.001020 49.029564 0.024770 0.999693 -0.000727 0.548212 0.001038 0.000702 0.999999 -0.444222
0.999731 -0.023178 -0.001027 49.375216 0.023177 0.999731 -0.000713 0.547418 0.001043 0.000689 0.999999 -0.447361
0.999717 -0.023776 -0.001020 49.849951 0.023775 0.999717 -0.000699 0.553857 0.001037 0.000675 0.999999 -0.451304
0.999700 -0.024464 -0.001014 50.380006 0.024464 0.999700 -0.000702 0.561885 0.001031 0.000677 0.999999 -0.455613
0.999685 -0.025065 -0.001034 50.832925 0.025064 0.999685 -0.000720 0.568413 0.001052 0.000694 0.999999 -0.459448
0.999667 -0.025763 -0.001043 51.240749 0.025763 0.999668 -0.000728 0.576008 0.001061 0.000701 0.999999 -0.462976
0.999593 -0.028493 -0.001067 51.727395 0.028492 0.999593 -0.000771 0.592813 0.001089 0.000741 0.999999 -0.467276
0.999570 -0.029298 -0.001069 52.158751 0.029297 0.999570 -0.000795 0.602358 0.001092 0.000764 0.999999 -0.470955
0.999533 -0.030532 -0.001067 52.556626 0.030531 0.999533 -0.000813 0.613657 0.001091 0.000780 0.999999 -0.474421
0.999481 -0.032198 -0.001069 52.988455 0.032197 0.999481 -0.000822 0.626999 0.001095 0.000787 0.999999 -0.478142
0.999436 -0.033567 -0.001068 53.591048 0.033566 0.999436 -0.000827 0.643640 0.001096 0.000791 0.999999 -0.483238
0.999421 -0.033987 -0.001071 53.898806 0.033986 0.999422 -0.000834 0.652045 0.001099 0.000797 0.999999 -0.485988
0.999385 -0.035030 -0.001056 54.290115 0.035029 0.999386 -0.000869 0.664020 0.001085 0.000831 0.999999 -0.489564
0.999341 -0.036283 -0.001053 54.665730 0.036282 0.999341 -0.000886 0.678141 0.001084 0.000848 0.999999 -0.492902
0.999256 -0.038543 -0.001054 55.264099 0.038542 0.999256 -0.000911 0.699417 0.001088 0.000870 0.999999 -0.498062
0.999297 -0.037467 -0.001066 55.656686 0.037466 0.999297 -0.000876 0.707427 0.001098 0.000836 0.999999 -0.501273
0.999287 -0.037735 -0.001074 56.077662 0.037734 0.999287 -0.000885 0.718618 0.001107 0.000844 0.999999 -0.504886
0.999229 -0.039248 -0.001070 56.503416 0.039247 0.999229 -0.000908 0.734163 0.001105 0.000865 0.999999 -0.508414
0.999150 -0.041213 -0.001082 56.941769 0.041213 0.999150 -0.000916 0.752972 0.001119 0.000870 0.999999 -0.512213
0.999095 -0.042508 -0.001082 57.295152 0.042507 0.999096 -0.000932 0.767388 0.001121 0.000885 0.999999 -0.515267
0.999034 -0.043925 -0.001082 57.745230 0.043924 0.999034 -0.000955 0.785684 0.001123 0.000907 0.999999 -0.519140
0.999007 -0.044545 -0.001097 58.208181 0.044544 0.999007 -0.000964 0.801245 0.001139 0.000914 0.999999 -0.523011
0.999066 -0.043197 -0.001116 58.668669 0.043196 0.999066 -0.000958 0.811331 0.001156 0.000908 0.999999 -0.526936
0.998985 -0.045027 -0.001135 58.982240 0.045026 0.998985 -0.000969 0.828197 0.001178 0.000917 0.999999 -0.529630
0.998910 -0.046654 -0.001131 59.429203 0.046653 0.998910 -0.000971 0.847056 0.001175 0.000917 0.999999 -0.533574
0.998937 -0.046079 -0.001153 59.704835 0.046078 0.998937 -0.000966 0.854880 0.001196 0.000911 0.999999 -0.536034
0.998930 -0.046226 -0.001156 60.295814 0.046225 0.998930 -0.000969 0.874732 0.001200 0.000915 0.999999 -0.540801
0.998975 -0.045240 -0.001150 60.810490 0.045238 0.998976 -0.000955 0.888313 0.001193 0.000902 0.999999 -0.545115
0.998901 -0.046845 -0.001151 61.285139 0.046844 0.998902 -0.000991 0.909251 0.001197 0.000936 0.999999 -0.549252
0.998815 -0.048656 -0.001155 61.681611 0.048655 0.998815 -0.001007 0.929105 0.001203 0.000950 0.999999 -0.552756
0.998855 -0.047827 -0.001151 62.143486 0.047826 0.998855 -0.000999 0.942525 0.001198 0.000943 0.999999 -0.556595
0.998824 -0.048477 -0.001147 62.387667 0.048476 0.998824 -0.001017 0.954313 0.001195 0.000960 0.999999 -0.558748
0.998794 -0.049088 -0.001141 62.768183 0.049087 0.998794 -0.001013 0.970183 0.001189 0.000955 0.999999 -0.561975
0.998865 -0.047608 -0.001151 63.313095 0.047607 0.998866 -0.001000 0.985225 0.001198 0.000944 0.999999 -0.566494
0.998868 -0.047559 -0.001156 63.558324 0.047557 0.998868 -0.000995 0.994352 0.001202 0.000939 0.999999 -0.568567
0.998846 -0.048015 -0.001145 63.880927 0.048014 0.998846 -0.000992 1.007889 0.001191 0.000936 0.999999 -0.571250
0.998915 -0.046559 -0.001149 64.414720 0.046558 0.998915 -0.000985 1.022280 0.001194 0.000930 0.999999 -0.575734
0.998922 -0.046411 -0.001159 64.650315 0.046409 0.998922 -0.000989 1.029992 0.001204 0.000934 0.999999 -0.577782
0.998873 -0.047448 -0.001155 65.042159 0.047447 0.998873 -0.001013 1.047971 0.001202 0.000957 0.999999 -0.581212
0.998832 -0.048298 -0.001180 65.528848 0.048297 0.998832 -0.001041 1.067186 0.001229 0.000983 0.999999 -0.585399
0.998900 -0.046869 -0.001202 65.862619 0.046867 0.998900 -0.001029 1.076127 0.001249 0.000971 0.999999 -0.588279
0.998912 -0.046617 -0.001220 66.279807 0.046616 0.998912 -0.001034 1.088256 0.001267 0.000976 0.999999 -0.591799
0.998941 -0.045994 -0.001240 66.732146 0.045992 0.998941 -0.001033 1.101715 0.001286 0.000975 0.999999 -0.595443
0.998912 -0.046619 -0.001247 67.120176 0.046618 0.998912 -0.001039 1.117575 0.001294 0.000980 0.999999 -0.598732
0.998930 -0.046231 -0.001268 67.537339 0.046229 0.998930 -0.001040 1.128991 0.001315 0.000981 0.999999 -0.602177
0.998924 -0.046364 -0.001263 67.979732 0.046363 0.998924 -0.001045 1.143744 0.001310 0.000985 0.999999 -0.606003
0.998954 -0.045702 -0.001279 68.389898 0.045701 0.998954 -0.001041 1.155337 0.001325 0.000982 0.999999 -0.609349
0.998946 -0.045878 -0.001276 68.726958 0.045877 0.998946 -0.001045 1.166805 0.001323 0.000985 0.999999 -0.612182
0.998961 -0.045550 -0.001276 69.195321 0.045549 0.998961 -0.001045 1.180675 0.001322 0.000986 0.999999 -0.616123
0.998925 -0.046329 -0.001287 69.503781 0.046327 0.998926 -0.001053 1.194385 0.001334 0.000992 0.999999 -0.618625
0.998956 -0.045651 -0.001298 70.050568 0.045650 0.998957 -0.001059 1.210981 0.001345 0.000999 0.999999 -0.623088
0.998966 -0.045445 -0.001326 70.273540 0.045443 0.998966 -0.001063 1.218792 0.001373 0.001002 0.999999 -0.625018
0.999021 -0.044211 -0.001340 70.557021 0.044209 0.999021 -0.001063 1.225951 0.001385 0.001003 0.999999 -0.627463
0.999010 -0.044469 -0.001343 70.954036 0.044468 0.999010 -0.001058 1.238999 0.001389 0.000997 0.999999 -0.630662
0.999045 -0.043668 -0.001361 71.279591 0.043667 0.999045 -0.001051 1.246455 0.001406 0.000990 0.999999 -0.633518
0.999079 -0.042880 -0.001349 71.642449 0.042878 0.999079 -0.001040 1.255807 0.001393 0.000981 0.999999 -0.636605
0.999021 -0.044208 -0.001357 71.951034 0.044207 0.999022 -0.001046 1.270502 0.001402 0.000985 0.999999 -0.639307
0.998987 -0.044967 -0.001377 72.340170 0.044965 0.998988 -0.001069 1.285894 0.001423 0.001006 0.999999 -0.642536
0.998998 -0.044730 -0.001364 72.643834 0.044729 0.998998 -0.001059 1.295904 0.001410 0.000997 0.999999 -0.645040
0.998974 -0.045258 -0.001377 73.191761 0.045257 0.998974 -0.001062 1.314677 0.001423 0.000998 0.999999 -0.649493
0.999008 -0.044496 -0.001370 73.421293 0.044494 0.999009 -0.001037 1.320426 0.001415 0.000975 0.999999 -0.651338
0.998935 -0.046109 -0.001387 73.863094 0.046108 0.998936 -0.001067 1.341287 0.001435 0.001002 0.999999 -0.655036
0.998860 -0.047705 -0.001379 74.242855 0.047703 0.998861 -0.001085 1.359646 0.001429 0.001018 0.999999 -0.658257
0.998859 -0.047722 -0.001375 74.509918 0.047720 0.998860 -0.001080 1.370157 0.001425 0.001013 0.999999 -0.660576
0.998854 -0.047829 -0.001409 74.732446 0.047827 0.998855 -0.001099 1.378652 0.001460 0.001031 0.999998 -0.662396
0.998878 -0.047320 -0.001419 75.148160 0.047319 0.998879 -0.001109 1.391066 0.001470 0.001040 0.999998 -0.665973
0.998861 -0.047676 -0.001421 75.385408 0.047675 0.998862 -0.001127 1.401305 0.001473 0.001058 0.999998 -0.667906
0.998948 -0.045827 -0.001427 75.772433 0.045826 0.998948 -0.001102 1.409657 0.001476 0.001035 0.999998 -0.671046
0.998937 -0.046058 -0.001442 76.104712 0.046057 0.998938 -0.001114 1.422588 0.001492 0.001047 0.999998 -0.673812
0.998943 -0.045936 -0.001448 76.290240 0.045934 0.998943 -0.001112 1.428331 0.001498 0.001045 0.999998 -0.675443
0.999034 -0.043908 -0.001443 76.578938 0.043906 0.999035 -0.001097 1.432327 0.001490 0.001032 0.999998 -0.677913
0.999112 -0.042099 -0.001450 76.990226 0.042098 0.999113 -0.001069 1.439140 0.001493 0.001007 0.999998 -0.681347
0.999136 -0.041528 -0.001455 77.203404 0.041527 0.999137 -0.001056 1.444963 0.001498 0.000995 0.999998 -0.683145
0.999097 -0.042446 -0.001440 77.471832 0.042445 0.999098 -0.001071 1.456658 0.001484 0.001009 0.999998 -0.685443
0.999123 -0.041832 -0.001449 77.847408 0.041830 0.999124 -0.001055 1.465609 0.001492 0.000994 0.999998 -0.688680
0.999072 -0.043032 -0.001452 78.087878 0.043030 0.999073 -0.001062 1.477445 0.001497 0.000998 0.999998 -0.690683
0.999090 -0.042627 -0.001460 78.390198 0.042626 0.999090 -0.001058 1.485380 0.001503 0.000995 0.999998 -0.693334
0.999119 -0.041926 -0.001455 78.757897 0.041924 0.999120 -0.001045 1.494779 0.001497 0.000983 0.999998 -0.696382
0.999108 -0.042200 -0.001461 78.929022 0.042198 0.999108 -0.001045 1.501541 0.001504 0.000982 0.999998 -0.697871
0.999142 -0.041374 -0.001466 79.213753 0.041373 0.999143 -0.001035 1.508213 0.001507 0.000974 0.999998 -0.700189
0.999199 -0.039988 -0.001487 79.557888 0.039986 0.999199 -0.001046 1.514786 0.001527 0.000986 0.999998 -0.703097
0.999170 -0.040706 -0.001514 79.807670 0.040705 0.999170 -0.001067 1.525452 0.001556 0.001004 0.999998 -0.705094
0.999183 -0.040371 -0.001515 80.102570 0.040369 0.999184 -0.001062 1.534092 0.001556 0.001000 0.999998 -0.707555
0.999170 -0.040710 -0.001496 80.458469 0.040709 0.999170 -0.001054 1.546427 0.001538 0.000992 0.999998 -0.710577
0.999147 -0.041272 -0.001514 80.632706 0.041270 0.999147 -0.001055 1.553696 0.001556 0.000991 0.999998 -0.711998
0.999172 -0.040641 -0.001502 80.917984 0.040639 0.999173 -0.001031 1.559088 0.001543 0.000969 0.999998 -0.713931
0.999164 -0.040838 -0.001512 81.229918 0.040837 0.999165 -0.001044 1.570013 0.001554 0.000981 0.999998 -0.716528
0.999148 -0.041245 -0.001514 81.463922 0.041244 0.999148 -0.001056 1.579531 0.001556 0.000992 0.999998 -0.718573
0.999149 -0.041207 -0.001520 81.691375 0.041206 0.999150 -0.001071 1.586767 0.001563 0.001008 0.999998 -0.720668
0.999214 -0.039611 -0.001566 81.984012 0.039609 0.999214 -0.001064 1.591068 0.001607 0.001001 0.999998 -0.723130
0.999167 -0.040759 -0.001560 82.197138 0.040757 0.999168 -0.001068 1.601442 0.001602 0.001004 0.999998 -0.724823
0.999135 -0.041539 -0.001554 82.422998 0.041537 0.999136 -0.001073 1.610755 0.001597 0.001007 0.999998 -0.726715
0.999179 -0.040481 -0.001566 82.749794 0.040479 0.999179 -0.001064 1.618306 0.001608 0.000999 0.999998 -0.729458
0.999164 -0.040839 -0.001575 82.965883 0.040838 0.999165 -0.001060 1.626659 0.001617 0.000995 0.999998 -0.731272
0.999171 -0.040669 -0.001586 83.185218 0.040667 0.999172 -0.001064 1.633505 0.001628 0.000999 0.999998 -0.732967
0.999170 -0.040690 -0.001595 83.497686 0.040688 0.999171 -0.001052 1.643331 0.001636 0.000986 0.999998 -0.735615
0.999155 -0.041070 -0.001600 83.720324 0.041069 0.999155 -0.001068 1.651991 0.001643 0.001001 0.999998 -0.737505
0.999152 -0.041145 -0.001598 84.051287 0.041143 0.999152 -0.001070 1.662657 0.001641 0.001003 0.999998 -0.740242
0.999110 -0.042153 -0.001599 84.345320 0.042152 0.999110 -0.001075 1.674701 0.001643 0.001007 0.999998 -0.742850
0.999117 -0.041979 -0.001603 84.540504 0.041977 0.999118 -0.001074 1.680527 0.001647 0.001005 0.999998 -0.744577
0.999136 -0.041509 -0.001611 84.724735 0.041507 0.999137 -0.001065 1.684662 0.001654 0.000997 0.999998 -0.746263
0.999099 -0.042410 -0.001639 85.060640 0.042408 0.999099 -0.001084 1.697641 0.001684 0.001014 0.999998 -0.749060
0.999094 -0.042515 -0.001644 85.284387 0.042513 0.999095 -0.001092 1.705793 0.001689 0.001021 0.999998 -0.750927
0.999051 -0.043518 -0.001629 85.613291 0.043516 0.999052 -0.001102 1.720134 0.001675 0.001030 0.999998 -0.753596
0.998997 -0.044749 -0.001641 85.903382 0.044747 0.998997 -0.001129 1.734149 0.001690 0.001054 0.999998 -0.756026
0.998958 -0.045607 -0.001619 86.110573 0.045606 0.998959 -0.001118 1.744938 0.001668 0.001043 0.999998 -0.757798
0.998985 -0.044997 -0.001612 86.361952 0.044995 0.998986 -0.001120 1.752662 0.001661 0.001046 0.999998 -0.759972
0.998958 -0.045596 -0.001616 86.703396 0.045594 0.998959 -0.001137 1.766140 0.001666 0.001063 0.999998 -0.762758
0.998935 -0.046104 -0.001600 86.936290 0.046103 0.998936 -0.001130 1.776967 0.001650 0.001055 0.999998 -0.764682
0.998829 -0.048350 -0.001616 87.185829 0.048348 0.998829 -0.001155 1.794485 0.001670 0.001076 0.999998 -0.766819
0.998843 -0.048053 -0.001630 87.505853 0.048051 0.998844 -0.001165 1.806546 0.001684 0.001086 0.999998 -0.769507
0.998831 -0.048302 -0.001634 87.722512 0.048300 0.998832 -0.001164 1.815380 0.001689 0.001084 0.999998 -0.771268
0.998818 -0.048581 -0.001632 87.957309 0.048579 0.998818 -0.001157 1.825402 0.001686 0.001077 0.999998 -0.773215
0.998734 -0.050265 -0.001624 88.260834 0.050263 0.998735 -0.001169 1.843186 0.001680 0.001086 0.999998 -0.775676
0.998695 -0.051047 -0.001627 88.439501 0.051045 0.998695 -0.001175 1.853188 0.001685 0.001091 0.999998 -0.777112
0.998600 -0.052870 -0.001625 88.731687 0.052868 0.998600 -0.001204 1.872676 0.001687 0.001116 0.999998 -0.779616
0.998562 -0.053584 -0.001613 89.026987 0.053582 0.998562 -0.001216 1.888308 0.001676 0.001128 0.999998 -0.782049
0.998574 -0.053353 -0.001623 89.176968 0.053352 0.998575 -0.001205 1.894656 0.001685 0.001117 0.999998 -0.783500
0.998522 -0.054318 -0.001626 89.384943 0.054317 0.998523 -0.001224 1.906971 0.001690 0.001133 0.999998 -0.785243
0.998459 -0.055467 -0.001644 89.667680 0.055465 0.998459 -0.001248 1.922396 0.001710 0.001154 0.999998 -0.787810
0.998457 -0.055498 -0.001656 89.830899 0.055496 0.998458 -0.001251 1.930229 0.001723 0.001157 0.999998 -0.789152
0.998461 -0.055431 -0.001651 90.082789 0.055429 0.998461 -0.001244 1.942038 0.001718 0.001150 0.999998 -0.791292
0.998369 -0.057055 -0.001641 90.373484 0.057053 0.998370 -0.001245 1.961071 0.001709 0.001149 0.999998 -0.793746
0.998342 -0.057530 -0.001667 90.570842 0.057528 0.998343 -0.001270 1.973070 0.001738 0.001172 0.999998 -0.795405
0.998343 -0.057504 -0.001684 90.777927 0.057502 0.998344 -0.001276 1.983236 0.001755 0.001177 0.999998 -0.797030
0.998362 -0.057177 -0.001694 91.124999 0.057175 0.998363 -0.001294 1.997694 0.001765 0.001195 0.999998 -0.799906
0.998277 -0.058642 -0.001676 91.317458 0.058640 0.998278 -0.001296 2.011537 0.001749 0.001195 0.999998 -0.801443
0.998206 -0.059839 -0.001674 91.678644 0.059837 0.998207 -0.001326 2.033295 0.001750 0.001223 0.999998 -0.804333
0.998104 -0.061523 -0.001677 91.954480 0.061521 0.998105 -0.001345 2.053298 0.001757 0.001239 0.999998 -0.806757
0.998058 -0.062260 -0.001677 92.162671 0.062258 0.998059 -0.001352 2.066454 0.001758 0.001245 0.999998 -0.808623
0.998044 -0.062483 -0.001699 92.450283 0.062480 0.998045 -0.001362 2.081702 0.001781 0.001254 0.999998 -0.811084
0.997937 -0.064175 -0.001708 92.790749 0.064173 0.997937 -0.001395 2.104892 0.001794 0.001283 0.999998 -0.813898
0.997926 -0.064345 -0.001702 92.978855 0.064343 0.997927 -0.001393 2.116154 0.001788 0.001281 0.999998 -0.815383
0.997861 -0.065349 -0.001691 93.385660 0.065347 0.997861 -0.001412 2.141294 0.001779 0.001298 0.999998 -0.818564
0.997750 -0.067021 -0.001675 93.726657 0.067018 0.997750 -0.001428 2.165405 0.001767 0.001312 0.999998 -0.821487
0.997725 -0.067382 -0.001686 93.948067 0.067380 0.997726 -0.001441 2.179744 0.001779 0.001324 0.999998 -0.823269
0.997638 -0.068661 -0.001698 94.278253 0.068659 0.997639 -0.001450 2.202857 0.001794 0.001330 0.999998 -0.825908
0.997490 -0.070775 -0.001708 94.642038 0.070773 0.997491 -0.001485 2.232494 0.001808 0.001361 0.999998 -0.828944
0.997500 -0.070641 -0.001715 94.837332 0.070639 0.997501 -0.001498 2.244413 0.001816 0.001374 0.999997 -0.830587
0.997517 -0.070405 -0.001732 95.194053 0.070403 0.997517 -0.001493 2.263707 0.001833 0.001368 0.999997 -0.833388
0.997524 -0.070297 -0.001731 95.549096 0.070294 0.997525 -0.001481 2.284584 0.001831 0.001356 0.999997 -0.836209
0.997478 -0.070955 -0.001724 95.773509 0.070953 0.997478 -0.001496 2.301217 0.001826 0.001370 0.999997 -0.838053
0.997406 -0.071957 -0.001731 96.032426 0.071955 0.997406 -0.001513 2.321096 0.001836 0.001385 0.999997 -0.840306
0.997342 -0.072843 -0.001712 96.493557 0.072840 0.997342 -0.001520 2.351933 0.001818 0.001391 0.999997 -0.843836
0.997331 -0.072990 -0.001715 96.705767 0.072987 0.997331 -0.001520 2.366600 0.001822 0.001390 0.999997 -0.845560
0.997314 -0.073224 -0.001722 97.265488 0.073221 0.997314 -0.001517 2.400413 0.001828 0.001387 0.999997 -0.849870
0.997227 -0.074399 -0.001709 97.613402 0.074397 0.997227 -0.001543 2.426837 0.001819 0.001411 0.999997 -0.852746
0.997209 -0.074633 -0.001729 97.885782 0.074630 0.997210 -0.001547 2.444641 0.001840 0.001414 0.999997 -0.854843
0.997150 -0.075423 -0.001739 98.206287 0.075420 0.997150 -0.001573 2.468303 0.001853 0.001438 0.999997 -0.857389
0.997080 -0.076343 -0.001744 98.712582 0.076340 0.997080 -0.001588 2.502125 0.001860 0.001451 0.999997 -0.861166
0.997030 -0.076989 -0.001743 98.897650 0.076986 0.997031 -0.001600 2.516192 0.001861 0.001461 0.999997 -0.862724
0.997107 -0.075989 -0.001739 99.391652 0.075986 0.997107 -0.001596 2.544973 0.001856 0.001460 0.999997 -0.866560
0.996912 -0.078500 -0.001748 99.804377 0.078497 0.996913 -0.001627 2.582011 0.001870 0.001485 0.999997 -0.870000
0.996886 -0.078836 -0.001754 100.081260 0.078833 0.996886 -0.001633 2.601688 0.001877 0.001490 0.999997 -0.872225
0.996906 -0.078575 -0.001764 100.398210 0.078572 0.996907 -0.001627 2.622134 0.001886 0.001484 0.999997 -0.874609
0.996872 -0.079011 -0.001771 100.961558 0.079008 0.996872 -0.001642 2.661054 0.001895 0.001497 0.999997 -0.878811
0.996848 -0.079317 -0.001780 101.176394 0.079314 0.996848 -0.001651 2.676263 0.001905 0.001505 0.999997 -0.880532
0.996850 -0.079292 -0.001784 101.647567 0.079289 0.996850 -0.001637 2.707752 0.001908 0.001490 0.999997 -0.884151
0.996967 -0.077804 -0.001810 102.118394 0.077801 0.996967 -0.001635 2.734595 0.001932 0.001489 0.999997 -0.887788
0.996963 -0.077849 -0.001826 102.383935 0.077846 0.996964 -0.001648 2.752371 0.001949 0.001501 0.999997 -0.889836
0.996834 -0.079490 -0.001842 102.645818 0.079487 0.996834 -0.001679 2.775980 0.001969 0.001527 0.999997 -0.891959
0.996938 -0.078176 -0.001864 103.211167 0.078173 0.996938 -0.001683 2.809734 0.001990 0.001532 0.999997 -0.896172
0.996915 -0.078459 -0.001888 103.445806 0.078456 0.996916 -0.001723 2.826630 0.002018 0.001570 0.999997 -0.898072
0.996928 -0.078296 -0.001874 103.976837 0.078292 0.996929 -0.001734 2.861314 0.002004 0.001582 0.999997 -0.902049
0.997020 -0.077121 -0.001877 104.435867 0.077118 0.997020 -0.001713 2.886917 0.002004 0.001564 0.999997 -0.905587
0.997053 -0.076691 -0.001868 104.728047 0.076688 0.997054 -0.001697 2.905394 0.001992 0.001549 0.999997 -0.907970
0.997090 -0.076213 -0.001898 105.048290 0.076210 0.997090 -0.001707 2.924901 0.002023 0.001557 0.999997 -0.910526
0.996945 -0.078082 -0.001913 105.502433 0.078078 0.996946 -0.001749 2.961482 0.002044 0.001594 0.999997 -0.914021
0.997045 -0.076798 -0.001912 105.760766 0.076794 0.997045 -0.001726 2.973847 0.002039 0.001574 0.999997 -0.916228
0.997077 -0.076376 -0.001922 106.129992 0.076373 0.997078 -0.001732 2.996362 0.002048 0.001580 0.999997 -0.919177
0.996774 -0.080239 -0.001939 106.691871 0.080236 0.996774 -0.001790 3.045292 0.002076 0.001629 0.999997 -0.923323
0.996601 -0.082354 -0.001957 106.953507 0.082351 0.996602 -0.001835 3.070426 0.002101 0.001667 0.999996 -0.925463
0.996601 -0.082359 -0.001969 107.264461 0.082355 0.996601 -0.001833 3.093764 0.002113 0.001664 0.999996 -0.927861
0.996483 -0.083768 -0.001982 107.776147 0.083764 0.996484 -0.001860 3.134578 0.002131 0.001687 0.999996 -0.931601
0.996310 -0.085805 -0.001985 108.026681 0.085801 0.996310 -0.001884 3.159624 0.002140 0.001707 0.999996 -0.933426
0.996209 -0.086965 -0.002002 108.491798 0.086961 0.996210 -0.001904 3.197465 0.002160 0.001723 0.999996 -0.936890
0.996088 -0.088337 -0.002021 108.942261 0.088333 0.996089 -0.001920 3.235304 0.002182 0.001734 0.999996 -0.940314
0.996017 -0.089141 -0.002033 109.247313 0.089137 0.996017 -0.001942 3.262415 0.002198 0.001753 0.999996 -0.942612
0.995944 -0.089953 -0.002039 109.529746 0.089949 0.995944 -0.001946 3.287174 0.002206 0.001755 0.999996 -0.944734
0.995894 -0.090498 -0.002042 110.065580 0.090494 0.995895 -0.001963 3.329164 0.002211 0.001770 0.999996 -0.948720
0.995831 -0.091196 -0.002067 110.305146 0.091192 0.995831 -0.001995 3.351360 0.002241 0.001798 0.999996 -0.950488
0.995924 -0.090170 -0.002081 110.824257 0.090166 0.995925 -0.001983 3.388108 0.002251 0.001787 0.999996 -0.954364
0.995838 -0.091113 -0.002092 111.242782 0.091109 0.995839 -0.002004 3.424296 0.002266 0.001805 0.999996 -0.957429
0.995776 -0.091792 -0.002088 111.472797 0.091788 0.995776 -0.002017 3.444755 0.002265 0.001817 0.999996 -0.959186
0.995805 -0.091470 -0.002098 111.896875 0.091466 0.995806 -0.002008 3.477117 0.002273 0.001807 0.999996 -0.962437
0.995605 -0.093629 -0.002078 112.394966 0.093625 0.995605 -0.002035 3.524766 0.002259 0.001832 0.999996 -0.966095
0.995550 -0.094208 -0.002073 112.637534 0.094204 0.995551 -0.002046 3.546535 0.002257 0.001841 0.999996 -0.968018
