1.000000 0.000000 0.000000 0.000000 0.000000 1.000000 0.000000 0.000000 0.000000 0.000000 1.000000 0.000000
0.999971 -0.007646 -0.000026 0.054181 0.007646 0.999971 -0.000063 0.024733 0.000026 0.000062 1.000000 -0.000544
0.999928 -0.011978 -0.000031 0.141329 0.011978 0.999928 -0.000084 0.041218 0.000032 0.000083 1.000000 -0.001191
0.999826 -0.018631 -0.000040 0.232028 0.018631 0.999826 -0.000128 0.065269 0.000043 0.000127 1.000000 -0.001883
0.999568 -0.029370 -0.000017 0.312402 0.029370 0.999569 -0.000252 0.104222 0.000025 0.000251 1.000000 -0.002397
0.999345 -0.036188 -0.000021 0.406630 0.036188 0.999345 -0.000314 0.130791 0.000033 0.000313 1.000000 -0.003248
0.998824 -0.048482 0.000021 0.513729 0.048482 0.998824 -0.000432 0.178053 0.000000 0.000433 1.000000 -0.004125
0.998325 -0.057852 0.000018 0.602236 0.057852 0.998325 -0.000541 0.215875 0.000013 0.000541 1.000000 -0.004795
0.997604 -0.069179 0.000035 0.710142 0.069179 0.997604 -0.000647 0.259845 0.000010 0.000648 1.000000 -0.005722
0.996900 -0.078683 0.000011 0.814523 0.078683 0.996899 -0.000776 0.299914 0.000050 0.000775 1.000000 -0.006550
0.995714 -0.092489 0.000052 0.921309 0.092489 0.995713 -0.000924 0.357579 0.000034 0.000925 1.000000 -0.007646
0.994654 -0.103266 0.000074 1.037099 0.103266 0.994653 -0.001050 0.405027 0.000035 0.001052 1.000000 -0.008355
0.993037 -0.117806 0.000126 1.167229 0.117806 0.993036 -0.001188 0.469711 0.000014 0.001195 0.999999 -0.009411
0.991215 -0.132259 0.000149 1.278109 0.132259 0.991214 -0.001343 0.532499 0.000030 0.001351 0.999999 -0.010430
0.989549 -0.144193 0.000189 1.390730 0.144193 0.989548 -0.001480 0.590568 0.000027 0.001492 0.999999 -0.011378
0.987473 -0.157785 0.000244 1.497508 0.157785 0.987472 -0.001614 0.652710 0.000014 0.001632 0.999999 -0.012481
0.983959 -0.178393 0.000306 1.652301 0.178393 0.983958 -0.001815 0.746125 0.000022 0.001841 0.999998 -0.013894
0.981618 -0.190856 0.000345 1.752310 0.190856 0.981616 -0.001935 0.806321 0.000031 0.001965 0.999998 -0.014890
0.978298 -0.207201 0.000397 1.863446 0.207202 0.978296 -0.002087 0.879330 0.000044 0.002124 0.999998 -0.016051
0.974087 -0.226172 0.000474 2.020956 0.226173 0.974085 -0.002273 0.978479 0.000052 0.002321 0.999997 -0.017542
0.971687 -0.236269 0.000479 2.132981 0.236269 0.971685 -0.002402 1.040404 0.000102 0.002447 0.999997 -0.018730
0.967977 -0.251038 0.000518 2.238436 0.251038 0.967974 -0.002545 1.115576 0.000138 0.002594 0.999997 -0.019834
0.963851 -0.266440 0.000542 2.417614 0.266440 0.963848 -0.002733 1.211717 0.000206 0.002779 0.999996 -0.021647
0.959443 -0.281903 0.000602 2.572584 0.281903 0.959438 -0.002881 1.309395 0.000234 0.002934 0.999996 -0.022970
0.953148 -0.302504 0.000698 2.723043 0.302504 0.953143 -0.003080 1.425963 0.000267 0.003147 0.999995 -0.024474
0.946340 -0.323170 0.000790 2.867247 0.323171 0.946335 -0.003302 1.542578 0.000320 0.003380 0.999994 -0.026015
0.941668 -0.336542 0.000867 2.974646 0.336543 0.941662 -0.003450 1.624759 0.000345 0.003541 0.999994 -0.027265
0.936727 -0.350059 0.000933 3.074906 0.350060 0.936720 -0.003574 1.707621 0.000377 0.003675 0.999993 -0.028360
0.924327 -0.381598 0.001058 3.280823 0.381599 0.924320 -0.003799 1.911887 0.000472 0.003915 0.999992 -0.030385
0.919242 -0.393690 0.001174 3.374882 0.393692 0.919234 -0.003863 1.993867 0.000442 0.004013 0.999992 -0.031618
0.907153 -0.420799 0.001251 3.528575 0.420800 0.907143 -0.004192 2.167601 0.000630 0.004329 0.999990 -0.032610
0.896332 -0.443382 0.001346 3.665983 0.443383 0.896321 -0.004480 2.324812 0.000780 0.004613 0.999989 -0.033893
0.888258 -0.459342 0.001486 3.775500 0.459344 0.888247 -0.004570 2.446066 0.000779 0.004741 0.999988 -0.035236
0.877789 -0.479044 0.001600 3.914888 0.479046 0.877777 -0.004808 2.601750 0.000899 0.004986 0.999987 -0.036830
0.862707 -0.505700 0.001669 4.081509 0.505702 0.862693 -0.005052 2.812968 0.001115 0.005202 0.999986 -0.038634
0.852709 -0.522383 0.001779 4.211154 0.522385 0.852694 -0.005172 2.965446 0.001184 0.005340 0.999985 -0.039958
0.834083 -0.551635 0.001962 4.388049 0.551637 0.834066 -0.005434 3.215202 0.001361 0.005615 0.999983 -0.041482
0.826723 -0.562604 0.002080 4.482031 0.562606 0.826706 -0.005564 3.331765 0.001410 0.005770 0.999982 -0.042460
0.812544 -0.582895 0.002305 4.591927 0.582898 0.812525 -0.005720 3.507655 0.001461 0.005991 0.999981 -0.043848
0.789144 -0.614202 0.002601 4.740553 0.614206 0.789123 -0.006022 3.774829 0.001646 0.006350 0.999979 -0.044864
0.778341 -0.627836 0.002725 4.814483 0.627839 0.778319 -0.006156 3.901808 0.001744 0.006503 0.999977 -0.045615
0.768521 -0.639818 0.002838 4.886211 0.639821 0.768498 -0.006289 4.025188 0.001843 0.006649 0.999976 -0.046672
0.745109 -0.666934 0.003111 5.024329 0.666939 0.745084 -0.006527 4.294988 0.002035 0.006938 0.999974 -0.047600
0.738237 -0.674533 0.003199 5.085646 0.674538 0.738211 -0.006608 4.394206 0.002096 0.007036 0.999973 -0.048313
0.723409 -0.690411 0.003377 5.162738 0.690416 0.723381 -0.006706 4.559590 0.002187 0.007183 0.999972 -0.049420
0.703213 -0.710970 0.003598 5.243545 0.710975 0.703183 -0.006914 4.773702 0.002386 0.007420 0.999970 -0.049870
0.690441 -0.723379 0.003725 5.304280 0.723384 0.690410 -0.007098 4.914824 0.002562 0.007595 0.999968 -0.050252
0.682308 -0.731054 0.003861 5.346547 0.731060 0.682276 -0.007078 5.011564 0.002540 0.007652 0.999967 -0.050688
0.656570 -0.754254 0.004118 5.429984 0.754260 0.656534 -0.007429 5.263075 0.002900 0.007983 0.999964 -0.050857
0.641327 -0.767256 0.004269 5.482797 0.767261 0.641290 -0.007576 5.427479 0.003075 0.008134 0.999962 -0.051344
0.627565 -0.778552 0.004388 5.544238 0.778558 0.627527 -0.007643 5.603551 0.003197 0.008213 0.999961 -0.051944
0.606461 -0.795099 0.004597 5.610001 0.795105 0.606421 -0.007853 5.838818 0.003456 0.008418 0.999959 -0.052586
0.588616 -0.808398 0.004771 5.694729 0.808404 0.588573 -0.007970 6.083795 0.003635 0.008548 0.999957 -0.053430
0.574512 -0.818481 0.004940 5.734648 0.818487 0.574468 -0.008022 6.241888 0.003728 0.008652 0.999956 -0.053526
0.552229 -0.833677 0.005114 5.788642 0.833683 0.552183 -0.008185 6.492113 0.004000 0.008784 0.999953 -0.053772
0.536438 -0.843923 0.005290 5.814715 0.843929 0.536391 -0.008296 6.639370 0.004164 0.008914 0.999951 -0.054092
0.518495 -0.855063 0.005460 5.843755 0.855069 0.518445 -0.008457 6.815325 0.004400 0.009053 0.999949 -0.054244
0.499823 -0.866109 0.005653 5.874950 0.866115 0.499771 -0.008591 6.994479 0.004615 0.009190 0.999947 -0.054922
0.480618 -0.876910 0.005864 5.892560 0.876917 0.480563 -0.008750 7.162028 0.004854 0.009348 0.999944 -0.055121
0.464229 -0.885695 0.005996 5.920930 0.885701 0.464173 -0.008809 7.355937 0.005019 0.009400 0.999943 -0.055454
0.443697 -0.896155 0.006205 5.937520 0.896162 0.443638 -0.008879 7.553719 0.005204 0.009500 0.999941 -0.055758
0.425888 -0.904753 0.006363 5.952180 0.904760 0.425828 -0.008950 7.738660 0.005388 0.009568 0.999939 -0.056023
0.405342 -0.914141 0.006578 5.956475 0.914148 0.405281 -0.008991 7.932105 0.005553 0.009658 0.999938 -0.056266
0.389314 -0.921080 0.006740 5.961210 0.921087 0.389251 -0.009050 8.080655 0.005713 0.009731 0.999936 -0.056617
0.370024 -0.928996 0.006933 5.956642 0.929003 0.369959 -0.009186 8.236242 0.005969 0.009840 0.999934 -0.056594
0.356802 -0.934153 0.007067 5.957335 0.934160 0.356735 -0.009197 8.359842 0.006071 0.009883 0.999932 -0.056751
0.331129 -0.943557 0.007309 5.941028 0.943564 0.331059 -0.009348 8.580587 0.006401 0.009992 0.999929 -0.056369
0.313720 -0.949485 0.007505 5.932657 0.949492 0.313648 -0.009456 8.728759 0.006625 0.010092 0.999927 -0.056250
0.297986 -0.954539 0.007658 5.923358 0.954546 0.297912 -0.009509 8.874075 0.006795 0.010143 0.999925 -0.056337
0.280271 -0.959889 0.007835 5.899771 0.959895 0.280195 -0.009601 9.011869 0.007021 0.010211 0.999923 -0.056032
0.269087 -0.963083 0.007980 5.893046 0.963089 0.269008 -0.009718 9.134314 0.007212 0.010300 0.999921 -0.055873
0.258309 -0.966028 0.008056 5.885398 0.966034 0.258230 -0.009723 9.246656 0.007312 0.010294 0.999920 -0.055802
0.248717 -0.968542 0.008148 5.876290 0.968547 0.248635 -0.009844 9.355363 0.007508 0.010340 0.999918 -0.056026
0.246311 -0.969156 0.008138 5.882029 0.969161 0.246230 -0.009838 9.415167 0.007530 0.010310 0.999918 -0.056244
0.236510 -0.971594 0.008225 5.865856 0.971599 0.236428 -0.009894 9.517166 0.007669 0.010332 0.999917 -0.056294
0.232707 -0.972512 0.008241 5.868846 0.972517 0.232625 -0.009854 9.586886 0.007666 0.010307 0.999917 -0.056130
0.226990 -0.973861 0.008277 5.866694 0.973866 0.226908 -0.009839 9.662642 0.007703 0.010294 0.999917 -0.056018
0.222678 -0.974856 0.008318 5.865843 0.974861 0.222595 -0.009852 9.722370 0.007753 0.010303 0.999917 -0.056276
0.221223 -0.975187 0.008318 5.866236 0.975192 0.221140 -0.009874 9.745342 0.007790 0.010296 0.999916 -0.056363
0.220637 -0.975320 0.008320 5.875691 0.975325 0.220554 -0.009851 9.798196 0.007773 0.010288 0.999917 -0.056522
0.219989 -0.975467 0.008329 5.880119 0.975472 0.219906 -0.009822 9.817376 0.007749 0.010286 0.999917 -0.057046
0.220797 -0.975284 0.008316 5.886704 0.975289 0.220714 -0.009847 9.834403 0.007768 0.010285 0.999917 -0.057365
0.220633 -0.975321 0.008317 5.886235 0.975326 0.220550 -0.009866 9.834737 0.007788 0.010288 0.999916 -0.057687
0.220857 -0.975270 0.008316 5.889080 0.975275 0.220774 -0.009866 9.844040 0.007786 0.010289 0.999916 -0.057917
0.221189 -0.975195 0.008333 5.893783 0.975200 0.221106 -0.009888 9.866224 0.007800 0.010313 0.999916 -0.058230
0.221163 -0.975201 0.008355 5.894942 0.975205 0.221080 -0.009936 9.875166 0.007842 0.010345 0.999915 -0.058622
0.221623 -0.975096 0.008345 5.898391 0.975100 0.221539 -0.009966 9.885359 0.007869 0.010345 0.999915 -0.059115
0.221536 -0.975116 0.008348 5.898233 0.975120 0.221452 -0.010003 9.889845 0.007905 0.010357 0.999915 -0.059502
0.221749 -0.975068 0.008325 5.899132 0.975071 0.221664 -0.010019 9.898468 0.007923 0.010339 0.999915 -0.059884
0.221729 -0.975072 0.008333 5.900214 0.975076 0.221645 -0.010011 9.902825 0.007915 0.010345 0.999915 -0.060312
0.222016 -0.975007 0.008333 5.902703 0.975011 0.221931 -0.010032 9.908764 0.007932 0.010352 0.999915 -0.060761
0.221952 -0.975022 0.008330 5.903414 0.975025 0.221867 -0.010055 9.915436 0.007956 0.010353 0.999914 -0.061133
0.222249 -0.974954 0.008320 5.904751 0.974957 0.222165 -0.010058 9.917963 0.007958 0.010347 0.999915 -0.061444
0.222808 -0.974827 0.008311 5.909420 0.974830 0.222723 -0.010088 9.933695 0.007983 0.010349 0.999914 -0.061875
0.222978 -0.974788 0.008313 5.913233 0.974790 0.222893 -0.010110 9.944530 0.008003 0.010357 0.999914 -0.062099
0.223452 -0.974679 0.008319 5.922561 0.974682 0.223367 -0.010117 9.975010 0.008002 0.010369 0.999914 -0.062382
0.223230 -0.974730 0.008329 5.928450 0.974732 0.223145 -0.010143 10.008573 0.008028 0.010383 0.999914 -0.062663
0.223594 -0.974646 0.008325 5.932217 0.974649 0.223508 -0.010137 10.023114 0.008019 0.010381 0.999914 -0.063038
0.223824 -0.974594 0.008340 5.937906 0.974596 0.223738 -0.010162 10.041971 0.008038 0.010403 0.999913 -0.063537
0.223992 -0.974555 0.008356 5.940943 0.974557 0.223905 -0.010189 10.053797 0.008059 0.010426 0.999913 -0.063920
0.224408 -0.974459 0.008369 5.941360 0.974461 0.224321 -0.010221 10.055924 0.008082 0.010449 0.999912 -0.064258
0.221717 -0.975074 0.008394 5.942311 0.975077 0.221630 -0.010236 10.091672 0.008121 0.010454 0.999912 -0.064664
0.221785 -0.975059 0.008412 5.948831 0.975061 0.221697 -0.010273 10.113102 0.008152 0.010480 0.999912 -0.064961
0.221418 -0.975142 0.008424 5.957658 0.975144 0.221330 -0.010301 10.162306 0.008180 0.010495 0.999911 -0.065067
0.217485 -0.976026 0.008483 5.953044 0.976029 0.217396 -0.010287 10.188585 0.008197 0.010517 0.999911 -0.065300
0.212512 -0.977121 0.008536 5.951113 0.977123 0.212423 -0.010290 10.249537 0.008242 0.010528 0.999910 -0.065416
0.209553 -0.977759 0.008576 5.948994 0.977761 0.209463 -0.010345 10.277860 0.008318 0.010553 0.999909 -0.065653
0.208631 -0.977956 0.008591 5.949998 0.977958 0.208541 -0.010355 10.291733 0.008335 0.010562 0.999909 -0.065772
0.203940 -0.978945 0.008608 5.946506 0.978947 0.203850 -0.010313 10.363500 0.008341 0.010530 0.999909 -0.065787
0.199995 -0.979758 0.008646 5.946388 0.979761 0.199905 -0.010305 10.431502 0.008368 0.010532 0.999909 -0.065655
0.198332 -0.980096 0.008655 5.954511 0.980099 0.198241 -0.010315 10.490933 0.008394 0.010528 0.999909 -0.065978
0.185059 -0.982688 0.008777 5.922265 0.982690 0.184967 -0.010313 10.573528 0.008511 0.010534 0.999908 -0.065091
0.176989 -0.984172 0.008865 5.909612 0.984174 0.176897 -0.010376 10.659053 0.008643 0.010561 0.999907 -0.064840
0.166907 -0.985931 0.008959 5.886409 0.985933 0.166812 -0.010461 10.747408 0.008819 0.010579 0.999905 -0.064293
0.153141 -0.988162 0.009129 5.856678 0.988163 0.153044 -0.010526 10.853434 0.009005 0.010633 0.999903 -0.063814
0.140000 -0.990107 0.009283 5.825874 0.990109 0.139902 -0.010560 10.958498 0.009157 0.010670 0.999901 -0.063445
0.128515 -0.991663 0.009365 5.799849 0.991664 0.128416 -0.010542 11.065817 0.009252 0.010642 0.999900 -0.063194
0.107843 -0.994121 0.009571 5.742833 0.994123 0.107742 -0.010555 11.172304 0.009462 0.010653 0.999898 -0.062205
0.091163 -0.995788 0.009707 5.691138 0.995790 0.091060 -0.010520 11.270591 0.009591 0.010625 0.999897 -0.061476
0.079592 -0.996779 0.009820 5.659494 0.996780 0.079488 -0.010563 11.379582 0.009749 0.010629 0.999896 -0.060834
0.050853 -0.998655 0.010068 5.576602 0.998654 0.050746 -0.010668 11.562203 0.010142 0.010597 0.999892 -0.059898
0.032070 -0.999433 0.010255 5.521184 0.999432 0.031961 -0.010657 11.677073 0.010323 0.010591 0.999890 -0.059191
0.013123 -0.999859 0.010430 5.463457 0.999858 0.013012 -0.010637 11.763990 0.010500 0.010568 0.999889 -0.057962
-0.017716 -0.999786 0.010687 5.365266 0.999784 -0.017829 -0.010640 11.944419 0.010828 0.010496 0.999886 -0.056453
-0.033196 -0.999390 0.010833 5.314815 0.999388 -0.033311 -0.010634 12.057371 0.010988 0.010473 0.999884 -0.055717
-0.067133 -0.997681 0.011146 5.202213 0.997680 -0.067251 -0.010595 12.241698 0.011320 0.010408 0.999881 -0.053644
-0.097874 -0.995133 0.011397 5.085287 0.995131 -0.097994 -0.010510 12.439674 0.011576 0.010313 0.999880 -0.052147
-0.127274 -0.991798 0.011691 4.967223 0.991795 -0.127398 -0.010585 12.651418 0.011988 0.010248 0.999875 -0.050557
-0.155079 -0.987829 0.012019 4.842623 0.987825 -0.155207 -0.010557 12.883014 0.012294 0.010235 0.999872 -0.048582
-0.191486 -0.981417 0.012400 4.681931 0.981415 -0.191616 -0.010365 13.083651 0.012548 0.010185 0.999869 -0.046179
-0.230704 -0.972939 0.012823 4.499920 0.972939 -0.230838 -0.010175 13.310585 0.012859 0.010129 0.999866 -0.043480
-0.258132 -0.966020 0.013146 4.361889 0.966020 -0.258269 -0.010079 13.489952 0.013132 0.010097 0.999862 -0.041370
-0.294267 -0.955627 0.013527 4.161316 0.955629 -0.294407 -0.009842 13.728732 0.013387 0.010030 0.999860 -0.038902
-0.325352 -0.945492 0.013772 3.980844 0.945494 -0.325494 -0.009751 13.928770 0.013702 0.009849 0.999857 -0.036502
-0.356533 -0.934178 0.013989 3.797912 0.934178 -0.356677 -0.009613 14.114544 0.013970 0.009641 0.999856 -0.034131
-0.384022 -0.923215 0.014183 3.621377 0.923214 -0.384167 -0.009511 14.287311 0.014229 0.009441 0.999854 -0.031958
-0.410746 -0.911637 0.014347 3.459091 0.911635 -0.410893 -0.009389 14.415435 0.014454 0.009223 0.999853 -0.029819
-0.440801 -0.897486 0.014565 3.258609 0.897485 -0.440949 -0.009205 14.555482 0.014684 0.009014 0.999851 -0.027096
-0.465276 -0.885040 0.014857 3.108767 0.885038 -0.465428 -0.009146 14.639021 0.015009 0.008894 0.999848 -0.025039
-0.494772 -0.868892 0.015023 2.903904 0.868889 -0.494925 -0.008978 14.763582 0.015236 0.008611 0.999847 -0.022445
-0.518731 -0.854801 0.015259 2.722009 0.854798 -0.518886 -0.008763 14.894368 0.015408 0.008498 0.999845 -0.020721
-0.548591 -0.835948 0.015408 2.483657 0.835947 -0.548745 -0.008431 15.047057 0.015503 0.008255 0.999846 -0.018212
-0.575848 -0.817409 0.015514 2.235844 0.817405 -0.576003 -0.008346 15.205198 0.015759 0.007875 0.999845 -0.015769
-0.601686 -0.798577 0.015734 2.012412 0.798572 -0.601843 -0.008187 15.332484 0.016008 0.007639 0.999843 -0.013372
-0.622913 -0.782130 0.015888 1.817950 0.782125 -0.623071 -0.007996 15.436136 0.016153 0.007446 0.999842 -0.011621
-0.647012 -0.762311 0.016022 1.584711 0.762305 -0.647171 -0.007814 15.550541 0.016326 0.007158 0.999841 -0.009031
-0.669914 -0.742262 0.016192 1.368393 0.742256 -0.670073 -0.007566 15.648277 0.016466 0.006950 0.999840 -0.006511
-0.693108 -0.720647 0.016381 1.140213 0.720641 -0.693269 -0.007341 15.740883 0.016647 0.006717 0.999839 -0.004016
-0.713434 -0.700527 0.016509 0.955296 0.700522 -0.713595 -0.007053 15.796726 0.016722 0.006533 0.999839 -0.001931
-0.737699 -0.674925 0.016612 0.678841 0.674919 -0.737860 -0.006816 15.888213 0.016858 0.006184 0.999839 0.000947
-0.758453 -0.651512 0.016719 0.427867 0.651506 -0.758615 -0.006583 15.978028 0.016972 0.005899 0.999838 0.003281
-0.774425 -0.632438 0.016937 0.227839 0.632433 -0.774589 -0.006348 16.046399 0.017134 0.005796 0.999836 0.005025
-0.792519 -0.609607 0.017093 -0.052401 0.609601 -0.792684 -0.006139 16.146662 0.017292 0.005555 0.999835 0.007687
-0.811493 -0.584109 0.017173 -0.326848 0.584102 -0.811658 -0.005938 16.211407 0.017407 0.005212 0.999835 0.010771
-0.828057 -0.560374 0.017348 -0.572071 0.560368 -0.828224 -0.005675 16.272782 0.017548 0.005022 0.999833 0.013229
-0.843557 -0.536755 0.017487 -0.831400 0.536750 -0.843724 -0.005392 16.334000 0.017648 0.004837 0.999832 0.015827
-0.861150 -0.508049 0.017512 -1.115387 0.508042 -0.861316 -0.005159 16.377868 0.017704 0.004454 0.999833 0.018472
-0.872871 -0.487631 0.017639 -1.384786 0.487625 -0.873039 -0.004962 16.453249 0.017819 0.004270 0.999832 0.021098
-0.886926 -0.461573 0.017663 -1.653253 0.461566 -0.887093 -0.004746 16.487438 0.017859 0.003943 0.999833 0.023653
-0.896306 -0.443080 0.017756 -1.860935 0.443074 -0.896474 -0.004541 16.523564 0.017930 0.003797 0.999832 0.025457
-0.906059 -0.422771 0.017898 -2.087156 0.422765 -0.906229 -0.004315 16.558296 0.018044 0.003656 0.999830 0.027528
-0.915600 -0.401687 0.017954 -2.354067 0.401682 -0.915770 -0.004082 16.601950 0.018081 0.003475 0.999830 0.029862
-0.922976 -0.384434 0.018031 -2.616450 0.384430 -0.923146 -0.003884 16.652465 0.018138 0.003347 0.999830 0.032143
-0.929064 -0.369475 0.018092 -2.890798 0.369472 -0.929234 -0.003694 16.715009 0.018176 0.003252 0.999829 0.034294
-0.934062 -0.356648 0.018132 -3.077046 0.356646 -0.934233 -0.003508 16.739219 0.018191 0.003190 0.999829 0.035930
-0.938471 -0.344876 0.018206 -3.342605 0.344874 -0.938643 -0.003379 16.797163 0.018254 0.003107 0.999828 0.038253
-0.940449 -0.339446 0.018235 -3.531044 0.339443 -0.940620 -0.003331 16.849246 0.018283 0.003057 0.999828 0.040063
-0.941947 -0.335262 0.018285 -3.779456 0.335260 -0.942120 -0.003289 16.929563 0.018329 0.003032 0.999827 0.042070
-0.942583 -0.333470 0.018302 -4.034112 0.333468 -0.942755 -0.003266 17.015470 0.018343 0.003024 0.999827 0.044312
-0.943115 -0.331960 0.018326 -4.274293 0.331958 -0.943288 -0.003243 17.097088 0.018363 0.003025 0.999826 0.046452
-0.942911 -0.332540 0.018329 -4.587696 0.332539 -0.943084 -0.003239 17.212167 0.018362 0.003041 0.999826 0.049231
-0.942484 -0.333746 0.018339 -4.761204 0.333744 -0.942658 -0.003259 17.279163 0.018375 0.003049 0.999826 0.050877
-0.941979 -0.335169 0.018354 -4.964317 0.335168 -0.942153 -0.003268 17.358968 0.018388 0.003073 0.999826 0.052622
-0.940372 -0.339652 0.018353 -5.340167 0.339651 -0.940546 -0.003319 17.516983 0.018389 0.003113 0.999826 0.056022
-0.939289 -0.342638 0.018311 -5.528533 0.342636 -0.939462 -0.003363 17.601643 0.018355 0.003116 0.999826 0.057681
-0.938264 -0.345433 0.018313 -5.785035 0.345431 -0.938438 -0.003389 17.710135 0.018357 0.003146 0.999826 0.059933
-0.935953 -0.351649 0.018297 -6.107535 0.351647 -0.936126 -0.003473 17.857585 0.018350 0.003183 0.999826 0.062825
-0.934718 -0.354918 0.018276 -6.312846 0.354916 -0.934892 -0.003512 17.949983 0.018332 0.003204 0.999826 0.064568
-0.933005 -0.359399 0.018261 -6.561619 0.359397 -0.933178 -0.003565 18.064884 0.018322 0.003237 0.999827 0.066702
-0.931000 -0.364560 0.018270 -6.888295 0.364557 -0.931174 -0.003626 18.216226 0.018335 0.003285 0.999826 0.069571
-0.930428 -0.366018 0.018272 -7.049396 0.366015 -0.930602 -0.003627 18.287218 0.018331 0.003313 0.999826 0.070938
-0.929607 -0.368098 0.018284 -7.277192 0.368096 -0.929781 -0.003649 18.389082 0.018343 0.003338 0.999826 0.072991
-0.928769 -0.370205 0.018298 -7.596472 0.370203 -0.928944 -0.003666 18.527400 0.018355 0.003369 0.999826 0.075899
-0.928628 -0.370559 0.018319 -7.777254 0.370557 -0.928803 -0.003677 18.603026 0.018377 0.003374 0.999825 0.077383
-0.928403 -0.371122 0.018343 -8.044898 0.371119 -0.928578 -0.003701 18.714348 0.018406 0.003371 0.999825 0.079838
-0.929615 -0.368075 0.018361 -8.415755 0.368072 -0.929790 -0.003677 18.853428 0.018425 0.003340 0.999824 0.083148
-0.931096 -0.364311 0.018372 -8.592609 0.364308 -0.931271 -0.003641 18.914228 0.018436 0.003303 0.999824 0.084821
-0.932130 -0.361657 0.018387 -8.852056 0.361654 -0.932305 -0.003621 19.007989 0.018452 0.003274 0.999824 0.087255
-0.934312 -0.355982 0.018394 -9.121928 0.355979 -0.934487 -0.003553 19.095764 0.018454 0.003228 0.999824 0.089710
-0.937450 -0.347633 0.018408 -9.469358 0.347631 -0.937625 -0.003462 19.199807 0.018463 0.003154 0.999824 0.092570
-0.939135 -0.343051 0.018456 -9.708455 0.343049 -0.939311 -0.003404 19.276234 0.018504 0.003135 0.999824 0.094772
-0.941235 -0.337245 0.018502 -10.002686 0.337243 -0.941412 -0.003338 19.368254 0.018544 0.003097 0.999823 0.097141
-0.943556 -0.330696 0.018489 -10.359325 0.330694 -0.943732 -0.003278 19.476957 0.018533 0.003021 0.999823 0.099813
-0.945074 -0.326331 0.018500 -10.657391 0.326329 -0.945251 -0.003238 19.568459 0.018544 0.002977 0.999823 0.102238
-0.946928 -0.320910 0.018520 -10.975194 0.320908 -0.947105 -0.003179 19.663688 0.018561 0.002933 0.999823 0.104860
-0.948517 -0.316182 0.018543 -11.285017 0.316180 -0.948694 -0.003134 19.757380 0.018582 0.002890 0.999823 0.107533
-0.950521 -0.310104 0.018592 -11.626751 0.310102 -0.950698 -0.003102 19.855990 0.018637 0.002817 0.999822 0.110385
-0.952489 -0.304003 0.018615 -11.928402 0.304002 -0.952667 -0.003009 19.936507 0.018649 0.002793 0.999822 0.112932
-0.954265 -0.298382 0.018607 -12.293688 0.298381 -0.954442 -0.002950 20.037546 0.018640 0.002737 0.999822 0.115948
-0.955740 -0.293622 0.018597 -12.627891 0.293621 -0.955918 -0.002877 20.127550 0.018622 0.002711 0.999823 0.118676
-0.956846 -0.289999 0.018583 -12.961278 0.289998 -0.957023 -0.002813 20.218443 0.018600 0.002698 0.999823 0.121589
-0.957837 -0.286709 0.018597 -13.318241 0.286708 -0.958014 -0.002771 20.319377 0.018611 0.002678 0.999823 0.124560
-0.958508 -0.284459 0.018589 -13.635406 0.284459 -0.958684 -0.002735 20.409063 0.018599 0.002666 0.999823 0.127381
-0.959478 -0.281169 0.018583 -13.942725 0.281169 -0.959654 -0.002692 20.490057 0.018590 0.002642 0.999823 0.130058
-0.959687 -0.280457 0.018583 -14.301620 0.280457 -0.959863 -0.002686 20.597570 0.018591 0.002634 0.999823 0.133361
-0.960430 -0.277900 0.018606 -14.595720 0.277900 -0.960606 -0.002656 20.676996 0.018611 0.002620 0.999823 0.136074
-0.961230 -0.275116 0.018628 -14.968666 0.275116 -0.961407 -0.002639 20.779274 0.018635 0.002589 0.999823 0.139276
-0.961759 -0.273262 0.018637 -15.364548 0.273262 -0.961936 -0.002607 20.889776 0.018640 0.002585 0.999823 0.142894
-0.962634 -0.270164 0.018624 -15.697340 0.270164 -0.962811 -0.002565 20.975813 0.018624 0.002562 0.999823 0.145761
-0.963299 -0.267784 0.018614 -16.014676 0.267785 -0.963475 -0.002535 21.059149 0.018613 0.002543 0.999823 0.148441
-0.963873 -0.265709 0.018622 -16.402155 0.265709 -0.964050 -0.002503 21.163233 0.018617 0.002535 0.999823 0.151937
-0.964547 -0.263251 0.018652 -16.741054 0.263252 -0.964724 -0.002465 21.252185 0.018643 0.002532 0.999823 0.154818
-0.965553 -0.259532 0.018681 -17.084123 0.259534 -0.965731 -0.002399 21.335104 0.018664 0.002532 0.999822 0.157827
-0.967016 -0.254028 0.018669 -17.555029 0.254029 -0.967194 -0.002346 21.447138 0.018653 0.002474 0.999823 0.161920
-0.967472 -0.252287 0.018665 -17.820774 0.252289 -0.967649 -0.002341 21.513856 0.018651 0.002444 0.999823 0.164276
-0.968382 -0.248771 0.018683 -18.186405 0.248772 -0.968559 -0.002293 21.597726 0.018666 0.002427 0.999823 0.167201
-0.969307 -0.245140 0.018701 -18.600365 0.245142 -0.969485 -0.002250 21.696080 0.018682 0.002403 0.999822 0.170928
-0.969879 -0.242866 0.018726 -18.966485 0.242868 -0.970057 -0.002221 21.783645 0.018705 0.002394 0.999822 0.174261
-0.970815 -0.239098 0.018719 -19.300553 0.239100 -0.970992 -0.002167 21.855985 0.018694 0.002373 0.999822 0.177066
-0.971696 -0.235487 0.018763 -19.749127 0.235489 -0.971875 -0.002111 21.957529 0.018732 0.002367 0.999821 0.181149
-0.972102 -0.233807 0.018776 -20.004090 0.233810 -0.972280 -0.002097 22.017009 0.018745 0.002352 0.999821 0.183517
-0.972604 -0.231710 0.018772 -20.368101 0.231713 -0.972782 -0.002075 22.101930 0.018742 0.002331 0.999821 0.186594
-0.973235 -0.229040 0.018815 -20.820065 0.229043 -0.973414 -0.002044 22.205623 0.018782 0.002320 0.999821 0.190805
-0.973660 -0.227227 0.018840 -21.134753 0.227230 -0.973839 -0.002014 22.276938 0.018805 0.002320 0.999820 0.193759
-0.974105 -0.225311 0.018835 -21.505512 0.225314 -0.974284 -0.002002 22.360424 0.018801 0.002294 0.999820 0.197181
-0.974762 -0.222447 0.018865 -21.945713 0.222450 -0.974942 -0.001952 22.457059 0.018827 0.002294 0.999820 0.201264
-0.975114 -0.220899 0.018888 -22.352591 0.220903 -0.975294 -0.001929 22.549550 0.018848 0.002292 0.999819 0.205071
-0.975465 -0.219343 0.018893 -22.950643 0.219346 -0.975645 -0.001916 22.687426 0.018853 0.002275 0.999819 0.210994
-0.975650 -0.218516 0.018900 -23.196484 0.218521 -0.975830 -0.001894 22.742062 0.018857 0.002282 0.999819 0.213239
-0.975882 -0.217477 0.018897 -23.654308 0.217481 -0.976063 -0.001884 22.846385 0.018854 0.002271 0.999819 0.217881
-0.976169 -0.216186 0.018894 -24.153069 0.216190 -0.976349 -0.001863 22.960370 0.018850 0.002266 0.999819 0.222665
-0.976439 -0.214961 0.018906 -24.550462 0.214966 -0.976620 -0.001841 23.049781 0.018860 0.002267 0.999819 0.226345
-0.976592 -0.214265 0.018913 -24.902765 0.214270 -0.976773 -0.001806 23.129459 0.018861 0.002288 0.999819 0.229791
-0.976538 -0.214512 0.018916 -25.484104 0.214517 -0.976719 -0.001806 23.265688 0.018863 0.002295 0.999819 0.235485
-0.976531 -0.214544 0.018937 -25.716068 0.214549 -0.976711 -0.001798 23.319046 0.018882 0.002307 0.999819 0.237615
-0.976474 -0.214800 0.018935 -26.152750 0.214805 -0.976655 -0.001802 23.421964 0.018880 0.002307 0.999819 0.241839
-0.976731 -0.213632 0.018927 -26.698157 0.213637 -0.976912 -0.001798 23.546441 0.018875 0.002287 0.999819 0.246938
-0.976620 -0.214137 0.018941 -26.996774 0.214142 -0.976801 -0.001813 23.616603 0.018890 0.002285 0.999819 0.249729
-0.976353 -0.215348 0.018946 -27.418743 0.215353 -0.976535 -0.001825 23.719030 0.018895 0.002298 0.999819 0.253881
-0.976025 -0.216830 0.018968 -27.992433 0.216835 -0.976207 -0.001836 23.857554 0.018914 0.002321 0.999818 0.259410
-0.976219 -0.215956 0.018972 -28.265587 0.215961 -0.976400 -0.001818 23.920140 0.018917 0.002322 0.999818 0.262048
-0.976011 -0.216892 0.018981 -28.644448 0.216897 -0.976193 -0.001833 24.011706 0.018927 0.002328 0.999818 0.265493
-0.976350 -0.215361 0.018980 -29.257474 0.215367 -0.976532 -0.001799 24.150450 0.018922 0.002331 0.999818 0.271574
-0.976374 -0.215252 0.018979 -29.598006 0.215258 -0.976556 -0.001785 24.229427 0.018918 0.002342 0.999818 0.274866
-0.976626 -0.214104 0.018998 -29.991271 0.214110 -0.976808 -0.001766 24.317197 0.018936 0.002343 0.999818 0.278546
-0.976601 -0.214222 0.018980 -30.600964 0.214228 -0.976782 -0.001767 24.459628 0.018918 0.002340 0.999818 0.284577
-0.976768 -0.213456 0.018985 -30.846215 0.213462 -0.976950 -0.001760 24.513537 0.018923 0.002333 0.999818 0.286883
-0.976615 -0.214153 0.019011 -31.228962 0.214159 -0.976797 -0.001762 24.604166 0.018947 0.002351 0.999817 0.290614
-0.976724 -0.213654 0.019017 -31.745381 0.213660 -0.976907 -0.001750 24.722322 0.018952 0.002354 0.999817 0.295607
-0.976474 -0.214794 0.019047 -32.169274 0.214800 -0.976657 -0.001764 24.823998 0.018982 0.002369 0.999817 0.299752
-0.976351 -0.215349 0.019059 -32.505415 0.215356 -0.976534 -0.001770 24.903546 0.018993 0.002376 0.999817 0.302969
-0.976062 -0.216653 0.019080 -33.104692 0.216659 -0.976246 -0.001778 25.049088 0.019012 0.002398 0.999816 0.308788
-0.976049 -0.216712 0.019064 -33.445510 0.216719 -0.976233 -0.001781 25.128563 0.018997 0.002393 0.999816 0.312169
-0.976181 -0.216121 0.019062 -33.869906 0.216127 -0.976364 -0.001777 25.226900 0.018996 0.002385 0.999816 0.316299
-0.976013 -0.216878 0.019068 -34.521401 0.216884 -0.976196 -0.001793 25.381998 0.019003 0.002386 0.999816 0.322740
-0.975987 -0.216991 0.019073 -34.726262 0.216997 -0.976171 -0.001798 25.431179 0.019009 0.002384 0.999816 0.324460
-0.975870 -0.217514 0.019105 -35.206256 0.217520 -0.976054 -0.001802 25.547199 0.019039 0.002397 0.999816 0.329040
-0.975787 -0.217890 0.019097 -35.768063 0.217896 -0.975971 -0.001809 25.681107 0.019032 0.002396 0.999816 0.334535
-0.975296 -0.220075 0.019098 -35.997816 0.220081 -0.975480 -0.001830 25.741801 0.019032 0.002418 0.999816 0.336565
-0.975151 -0.220714 0.019101 -36.413427 0.220721 -0.975336 -0.001831 25.843114 0.019034 0.002430 0.999816 0.340807
-0.975034 -0.221233 0.019110 -36.932096 0.221240 -0.975218 -0.001824 25.968173 0.019040 0.002449 0.999815 0.345980
-0.975036 -0.221221 0.019124 -37.217143 0.221227 -0.975221 -0.001834 26.035965 0.019055 0.002443 0.999815 0.348596
-0.974941 -0.221637 0.019140 -37.673137 0.221643 -0.975126 -0.001824 26.146128 0.019068 0.002464 0.999815 0.353074
-0.974948 -0.221606 0.019144 -38.206397 0.221612 -0.975133 -0.001832 26.273305 0.019074 0.002456 0.999815 0.358458
-0.974786 -0.222319 0.019157 -38.414324 0.222325 -0.974971 -0.001829 26.325306 0.019085 0.002476 0.999815 0.360374
-0.974791 -0.222296 0.019180 -38.823556 0.222303 -0.974976 -0.001814 26.423012 0.019103 0.002496 0.999814 0.364350
-0.974845 -0.222056 0.019189 -39.290093 0.222063 -0.975031 -0.001808 26.535416 0.019112 0.002499 0.999814 0.368771
-0.974902 -0.221809 0.019178 -39.573896 0.221816 -0.975087 -0.001800 26.602513 0.019100 0.002499 0.999814 0.371494
-0.975229 -0.220364 0.019180 -39.976316 0.220371 -0.975415 -0.001782 26.693274 0.019101 0.002489 0.999814 0.375427
-0.974945 -0.221618 0.019185 -40.533044 0.221625 -0.975130 -0.001800 26.830004 0.019107 0.002497 0.999814 0.380971
-0.975271 -0.220178 0.019203 -40.814561 0.220185 -0.975457 -0.001773 26.891653 0.019122 0.002499 0.999814 0.383647
-0.975729 -0.218138 0.019210 -41.168185 0.218145 -0.975915 -0.001748 26.968445 0.019129 0.002485 0.999814 0.386790
-0.976114 -0.216409 0.019224 -41.666041 0.216416 -0.976300 -0.001722 27.080317 0.019141 0.002480 0.999813 0.391809
-0.976436 -0.214948 0.019233 -42.042750 0.214956 -0.976622 -0.001704 27.162204 0.019149 0.002470 0.999813 0.395461
-0.976932 -0.212683 0.019251 -42.411266 0.212691 -0.977118 -0.001679 27.238595 0.019168 0.002454 0.999813 0.399161
-0.977339 -0.210805 0.019246 -42.909676 0.210813 -0.977525 -0.001660 27.346766 0.019163 0.002435 0.999813 0.404100
-0.977442 -0.210326 0.019261 -43.124484 0.210334 -0.977628 -0.001646 27.394348 0.019177 0.002443 0.999813 0.406137
-0.977791 -0.208693 0.019273 -43.591271 0.208702 -0.977978 -0.001611 27.493869 0.019184 0.002447 0.999813 0.410699
-0.978429 -0.205679 0.019309 -44.105493 0.205687 -0.978617 -0.001566 27.598955 0.019218 0.002439 0.999812 0.415881
-0.978596 -0.204882 0.019328 -44.349339 0.204891 -0.978784 -0.001559 27.650259 0.019237 0.002434 0.999812 0.418189
-0.978994 -0.202970 0.019316 -44.900257 0.202979 -0.979182 -0.001538 27.765849 0.019226 0.002415 0.999812 0.423863
-0.979473 -0.200648 0.019303 -45.701386 0.200657 -0.979661 -0.001530 27.935904 0.019217 0.002375 0.999812 0.431996
-0.979536 -0.200343 0.019292 -45.974115 0.200351 -0.979723 -0.001523 27.993342 0.019206 0.002373 0.999812 0.434521
-0.980051 -0.197806 0.019288 -46.352695 0.197815 -0.980238 -0.001504 28.064708 0.019205 0.002341 0.999813 0.437906
-0.980562 -0.195259 0.019292 -46.830350 0.195267 -0.980749 -0.001465 28.158239 0.019207 0.002330 0.999813 0.442554
-0.980933 -0.193384 0.019302 -47.151008 0.193393 -0.981121 -0.001436 28.218053 0.019215 0.002324 0.999812 0.445508
-0.981390 -0.191056 0.019287 -47.613709 0.191065 -0.981577 -0.001414 28.307594 0.019201 0.002297 0.999813 0.449842
-0.981711 -0.189399 0.019280 -48.220661 0.189407 -0.981898 -0.001404 28.427527 0.019197 0.002274 0.999813 0.456051
-0.981755 -0.189166 0.019305 -48.472944 0.189175 -0.981943 -0.001390 28.477458 0.019220 0.002287 0.999812 0.458425
-0.982127 -0.187226 0.019324 -48.915053 0.187235 -0.982314 -0.001369 28.561623 0.019238 0.002273 0.999812 0.462846
-0.981991 -0.187935 0.019330 -49.571175 0.187944 -0.982179 -0.001376 28.696778 0.019244 0.002282 0.999812 0.469486
-0.981775 -0.189062 0.019344 -49.837246 0.189071 -0.981963 -0.001388 28.755243 0.019257 0.002294 0.999812 0.471939
-0.981434 -0.190825 0.019343 -50.297944 0.190835 -0.981621 -0.001402 28.855546 0.019255 0.002315 0.999812 0.476578
-0.981115 -0.192454 0.019352 -50.922412 0.192463 -0.981303 -0.001425 28.990249 0.019264 0.002326 0.999811 0.482767
-0.981042 -0.192828 0.019366 -51.166641 0.192837 -0.981230 -0.001421 29.041886 0.019276 0.002340 0.999811 0.484995
-0.980742 -0.194344 0.019391 -51.556735 0.194354 -0.980931 -0.001430 29.127939 0.019299 0.002367 0.999811 0.488948
-0.980383 -0.196142 0.019422 -52.108289 0.196151 -0.980573 -0.001461 29.250207 0.019331 0.002378 0.999810 0.494581
-0.980105 -0.197530 0.019422 -52.331188 0.197539 -0.980294 -0.001477 29.303129 0.019331 0.002389 0.999810 0.496629
-0.979733 -0.199364 0.019413 -52.754516 0.199373 -0.979923 -0.001501 29.400302 0.019322 0.002400 0.999810 0.500719
-0.979379 -0.201101 0.019382 -53.379477 0.201110 -0.979568 -0.001512 29.540881 0.019290 0.002417 0.999811 0.507000
-0.979258 -0.201689 0.019394 -53.635445 0.201698 -0.979447 -0.001522 29.598540 0.019302 0.002421 0.999811 0.509462
-0.979127 -0.202323 0.019406 -54.057053 0.202332 -0.979316 -0.001538 29.693066 0.019316 0.002421 0.999810 0.513604
-0.978962 -0.203114 0.019420 -54.628129 0.203123 -0.979152 -0.001554 29.820617 0.019331 0.002423 0.999810 0.519381
-0.978834 -0.203728 0.019437 -55.029258 0.203737 -0.979025 -0.001568 29.912399 0.019348 0.002425 0.999810 0.523281
-0.978894 -0.203444 0.019431 -55.301970 0.203453 -0.979084 -0.001559 29.971158 0.019342 0.002427 0.999810 0.525879
-0.978504 -0.205311 0.019434 -55.903488 0.205320 -0.978694 -0.001580 30.110203 0.019344 0.002444 0.999810 0.531879
-0.978264 -0.206449 0.019452 -56.136072 0.206458 -0.978454 -0.001593 30.165288 0.019362 0.002457 0.999809 0.534160
-0.978082 -0.207310 0.019456 -56.436812 0.207319 -0.978272 -0.001605 30.235622 0.019366 0.002463 0.999809 0.537059
-0.977778 -0.208738 0.019436 -57.020916 0.208747 -0.977969 -0.001626 30.372963 0.019347 0.002467 0.999810 0.542947
-0.977537 -0.209865 0.019448 -57.307108 0.209874 -0.977727 -0.001626 30.440181 0.019356 0.002492 0.999809 0.545679
-0.976977 -0.212457 0.019442 -57.730477 0.212465 -0.977167 -0.001662 30.545512 0.019351 0.002507 0.999809 0.549982
-0.976641 -0.213996 0.019453 -58.335410 0.214004 -0.976831 -0.001700 30.690280 0.019367 0.002503 0.999809 0.556098
-0.976495 -0.214660 0.019474 -58.539405 0.214669 -0.976686 -0.001695 30.741623 0.019384 0.002526 0.999809 0.557999
-0.976084 -0.216519 0.019472 -58.993291 0.216527 -0.976275 -0.001713 30.854225 0.019381 0.002544 0.999809 0.562559
-0.975501 -0.219130 0.019498 -59.531135 0.219139 -0.975692 -0.001755 30.989531 0.019408 0.002560 0.999808 0.568001
-0.975239 -0.220290 0.019511 -59.810419 0.220299 -0.975431 -0.001759 31.059587 0.019419 0.002583 0.999808 0.570674
-0.974069 -0.225408 0.019516 -60.240972 0.225416 -0.974261 -0.001833 31.184300 0.019427 0.002614 0.999808 0.575076
-0.973035 -0.229832 0.019524 -60.873874 0.229839 -0.973227 -0.001884 31.360144 0.019434 0.002654 0.999807 0.581528
-0.972467 -0.232221 0.019520 -61.130317 0.232229 -0.972660 -0.001921 31.436311 0.019432 0.002665 0.999807 0.583987
-0.972062 -0.233912 0.019527 -61.521860 0.233919 -0.972254 -0.001955 31.541071 0.019443 0.002668 0.999807 0.587908
-0.971329 -0.236934 0.019534 -62.002734 0.236941 -0.971522 -0.002010 31.678332 0.019454 0.002676 0.999807 0.592748
-0.970645 -0.239722 0.019554 -62.340557 0.239729 -0.970838 -0.002051 31.776812 0.019475 0.002697 0.999806 0.596190
-0.969984 -0.242379 0.019573 -62.735169 0.242386 -0.970178 -0.002076 31.888876 0.019492 0.002731 0.999806 0.600162
-0.968511 -0.248200 0.019581 -63.293893 0.248207 -0.968705 -0.002141 32.059249 0.019500 0.002787 0.999806 0.605814
-0.968299 -0.249024 0.019589 -63.552665 0.249031 -0.968493 -0.002144 32.131526 0.019506 0.002802 0.999806 0.608239
-0.967857 -0.250738 0.019579 -63.894672 0.250744 -0.968051 -0.002167 32.229260 0.019497 0.002812 0.999806 0.611692
-0.967200 -0.253260 0.019570 -64.390897 0.253266 -0.967394 -0.002212 32.376775 0.019493 0.002817 0.999806 0.616716
-0.966962 -0.254170 0.019564 -64.633454 0.254176 -0.967155 -0.002224 32.446283 0.019487 0.002822 0.999806 0.618974
-0.966360 -0.256449 0.019566 -65.033251 0.256455 -0.966554 -0.002250 32.562994 0.019489 0.002844 0.999806 0.623112
-0.965667 -0.259047 0.019562 -65.542317 0.259053 -0.965860 -0.002286 32.716126 0.019486 0.002860 0.999806 0.628401
-0.965624 -0.259206 0.019573 -65.778905 0.259212 -0.965818 -0.002292 32.783730 0.019498 0.002861 0.999806 0.630687
-0.965149 -0.260967 0.019577 -66.119339 0.260973 -0.965343 -0.002306 32.886891 0.019500 0.002883 0.999805 0.634093
-0.965011 -0.261474 0.019607 -66.627535 0.261480 -0.965206 -0.002292 33.033049 0.019524 0.002915 0.999805 0.639499
-0.964471 -0.263458 0.019612 -66.855026 0.263465 -0.964666 -0.002301 33.103979 0.019525 0.002948 0.999805 0.641602
-0.964043 -0.265019 0.019631 -67.290306 0.265026 -0.964239 -0.002304 33.233570 0.019540 0.002982 0.999804 0.646019
-0.963807 -0.265876 0.019646 -67.858991 0.265882 -0.964003 -0.002334 33.401574 0.019559 0.002974 0.999804 0.651947
-0.963505 -0.266966 0.019664 -68.048454 0.266973 -0.963701 -0.002354 33.458981 0.019579 0.002982 0.999804 0.653963
-0.963313 -0.267659 0.019682 -68.462931 0.267666 -0.963509 -0.002342 33.580921 0.019591 0.003012 0.999803 0.658289
-0.962940 -0.268995 0.019690 -68.990053 0.269002 -0.963137 -0.002359 33.739353 0.019599 0.003025 0.999803 0.663899
-0.962942 -0.268986 0.019710 -69.287275 0.268994 -0.963139 -0.002349 33.826105 0.019615 0.003040 0.999803 0.666841
-0.963135 -0.268294 0.019714 -69.647436 0.268301 -0.963332 -0.002327 33.929308 0.019615 0.003048 0.999803 0.670574
-0.963348 -0.267528 0.019727 -70.113948 0.267536 -0.963545 -0.002314 34.063509 0.019627 0.003048 0.999802 0.675312
-0.963390 -0.267377 0.019723 -70.332342 0.267385 -0.963587 -0.002313 34.126080 0.019623 0.003045 0.999803 0.677436
-0.963581 -0.266685 0.019752 -70.734764 0.266693 -0.963779 -0.002301 34.240668 0.019651 0.003050 0.999802 0.681659
-0.964014 -0.265115 0.019745 -71.269110 0.265123 -0.964212 -0.002298 34.391662 0.019647 0.003019 0.999802 0.687274
-0.964348 -0.263898 0.019760 -71.519948 0.263906 -0.964546 -0.002282 34.459375 0.019661 0.003014 0.999802 0.689897
-0.964565 -0.263102 0.019762 -71.905627 0.263110 -0.964763 -0.002293 34.567655 0.019669 0.002988 0.999802 0.693670
-0.965862 -0.258297 0.019810 -72.416216 0.258305 -0.966061 -0.002232 34.696302 0.019714 0.002962 0.999801 0.699011
-0.966476 -0.255987 0.019848 -72.698217 0.255995 -0.966675 -0.002197 34.766367 0.019749 0.002958 0.999800 0.701889
-0.967277 -0.252944 0.019868 -73.043464 0.252952 -0.967476 -0.002160 34.849618 0.019768 0.002936 0.999800 0.705507
-0.968213 -0.249334 0.019899 -73.534130 0.249343 -0.968413 -0.002114 34.968678 0.019798 0.002915 0.999800 0.710691
-0.968817 -0.246974 0.019940 -73.798255 0.246982 -0.969018 -0.002081 35.030908 0.019836 0.002909 0.999799 0.713463
